178
455
422
46
131
82
175
411
21
133
338
288
290
391
69
46
119
264
311
292
312
57
363
281
362
130
398
122
400
3
212
112
376
92
101
219
419
367
392
315
477
377
267
406
430
181
162
224
34
385
145
178
132
65
271
277
241
33
102
270
208
468
124
360
286
129
492
8
76
424
107
414
436
279
183
441
53
359
68
339
25
320
236
256
414
405
448
169
344
292
250
466
369
272
78
37
442
431
354
394
439
126
123
408
336
206
355
423
239
17
192
109
116
378
51
40
171
329
91
129
471
89
195
149
17
263
248
206
108
493
108
176
446
352
281
191
87
406
465
450
422
8
228
196
56
494
220
366
17
96
436
25
397
491
198
328
134
47
100
379
270
447
342
476
138
493
461
355
79
12
110
192
386
441
162
209
323
242
35
390
168
474
259
419
374
445
440
83
57
486
387
11
145
55
306
234
157
443
83
184
177
37
300
388
266
183
266
201
120
324
455
88
442
239
373
69
131
282
12
63
470
202
152
3
174
212
415
211
245
108
105
160
223
380
459
349
51
358
102
169
376
78
101
256
258
173
132
430
374
216
422
490
414
74
226
200
25
446
248
489
247
399
27
459
36
320
427
454
79
350
22
58
248
474
259
10
137
67
428
150
284
344
89
152
277
238
230
394
93
419
47
469
111
237
383
452
410
21
455
154
41
300
166
257
120
113
380
288
201
221
192
73
19
144
348
411
302
88
74
322
498
424
220
375
384
49
251
206
119
28
211
471
479
105
464
101
100
232
76
347
174
440
395
239
215
480
449
199
80
277
457
166
90
389
338
247
216
270
244
483
408
270
275
495
287
422
133
368
25
197
126
264
380
40
46
383
483
97
53
15
57
216
367
54
442
372
135
449
357
344
18
241
4
59
142
388
210
164
181
285
457
11
473
438
248
341
193
434
411
121
238
433
28
71
81
57
355
66
10
165
162
222
264
132
108
88
221
382
345
5
406
20
186
307
221
86
306
176
425
18
64
65
495
95
142
269
166
195
357
296
28
396
83
362
216
6
398
435
335
279
141
372
392
191
227
352
143
247
183
380
368
457
482
321
228
211
398
493
475
430
201
20
414
467
177
233
144
404
28
59
220
452
397
454
14
358
323
44
170
280
