3278
3244
4139
4223
375
4535
2261
1317
4053
2943
4273
734
363
2794
942
709
1215
1093
3314
344
236
249
3538
4661
2677
1039
1878
616
224
113
1418
1538
2830
2579
3170
3624
918
1465
589
4444
2573
2114
3718
4612
1579
799
4454
40
3406
3107
666
3471
2515
3895
3145
176
582
1853
633
4026
1510
2989
4403
1332
324
3561
131
1136
4327
4270
1038
1878
1106
3755
2549
603
4268
682
4937
2137
3994
4981
1698
1898
795
33
2641
2270
2050
3828
1917
3703
2218
3430
2486
2970
3799
3260
4745
2252
2439
4017
3303
3963
757
268
2150
2501
1770
1025
4680
331
4026
3824
1329
2096
1797
4141
3791
1641
4945
3155
1060
3166
4322
3184
3780
3888
4809
1325
4626
1918
4359
3095
3720
4251
3647
4133
4296
1052
2193
4240
119
3662
3064
4323
2369
4985
4507
3026
4999
2189
3145
1103
3782
2887
4564
2827
537
2224
3425
4980
280
4532
1454
226
263
4492
2912
2908
1152
3957
3411
1568
1824
1870
4185
3743
517
943
178
4821
1312
1018
1545
4019
1191
295
4448
1762
4151
1820
3232
4031
102
3946
2360
458
2549
4642
2705
4228
272
868
3061
3075
4511
399
3984
1926
4365
4796
2326
3990
4416
3436
1054
3328
4790
4766
246
3221
155
2223
1332
858
377
3465
2977
167
1833
2860
3194
808
4604
3390
3548
2657
2033
394
2570
1294
393
827
1734
1321
2637
2951
3599
534
1470
2635
2995
4264
3225
3680
3341
424
283
848
1470
2057
1015
508
561
441
2483
83
2041
3039
2385
3707
3568
1848
2974
2771
1452
3934
944
1278
2120
2217
3513
2187
3498
779
2175
2143
3393
265
1886
3305
3272
161
4631
2150
2007
996
2638
1459
476
772
2703
2890
4118
1163
4370
3814
1793
276
945
3334
575
38
3591
3659
2322
2482
4962
4267
4136
499
144
2502
1079
4840
3861
554
745
423
4187
4982
555
1238
4264
1200
4876
4395
4734
1599
338
121
889
2236
3936
734
4768
4245
4802
2918
3682
2409
1734
3821
2907
4555
4855
2783
1522
1692
1007
1748
1638
72
3743
3643
2484
2596
14
4280
2111
3220
1932
4572
665
4309
3192
1121
498
3088
1038
4459
4573
4631
866
502
913
36
1826
2006
2076
4737
3038
3076
4890
3100
1273
1026
1921
1740
2220
1127
2434
223
3686
1060
1804
4077
345
3092
4626
1288
894
3305
3011
4696
4728
3395
2791
3968
1489
1855
1623
2067
3099
2590
4233
2390
4143
249
1272
3999
2696
2828
4529
3609
4978
3344
2475
4270
3415
3621
1386
1894
4000
4486
3517
2071
30
2927
63
828
601
3003
2904
4262
3469
3552
348
3220
3117
2007
3378
440
1162
4851
112
3832
2449
1512
2491
820
1438
4756
406
4912
4754
1857
4748
1927
1998
2107
2139
4546
3189
2451
300
106
2440
4299
4307
2821
3723
820
216
2836
851
241
3788
798
8
1979
3304
2861
4465
3627
1700
2298
2318
3105
4504
138
4376
1520
1321
3506
544
3528
4834
1586
4319
3251
2570
377
1257
37
2906
3661
3513
4624
3055
3867
3828
2488
3006
2733
3560
2439
676
2964
618
4741
4726
3279
4420
4329
2801
543
1221
894
4168
3891
4432
3902
1990
2025
778
1835
1711
1094
4413
1201
3300
1851
2349
2112
1331
976
807
3478
3133
2772
3349
2108
1494
3631
2904
1276
4662
2947
1044
532
2607
415
4119
4825
4811
854
2114
2219
1030
4017
2334
753
2801
3017
1276
1249
4652
1335
4303
4105
257
4541
3969
4375
31
4175
4116
680
2877
2461
3099
4757
1095
2753
733
4673
3666
1910
4855
1023
4406
2012
4571
1640
2728
84
3579
1629
984
758
3161
1763
3629
3038
702
4538
4698
3599
863
3439
1311
281
2740
2211
2216
704
2648
2176
1578
2187
3359
1908
4521
368
1937
4797
2140
224
4495
1306
4982
4395
2509
3969
218
4989
1539
4424
3998
1292
4462
3030
1719
2054
2587
2863
197
2272
4248
1141
1965
636
1749
2364
3198
76
3761
3740
2986
63
1525
4665
2942
600
3493
3320
2384
4068
4235
4686
574
2344
4751
506
3746
2884
2523
3013
902
3660
936
454
3629
3159
3914
3709
1401
2828
2884
4563
108
678
4437
2419
2800
931
3272
2493
2878
905
1312
4806
1212
2552
81
4499
4927
2324
4700
287
1839
4279
4131
4080
769
2612
3507
1088
4235
1023
668
936
1237
2602
263
1607
4134
147
22
4239
4841
3082
57
3094
1834
3414
2319
1220
690
4384
3532
3638
2155
1740
1265
1061
2970
3804
3948
3475
944
2759
1987
4109
1994
820
3304
598
3160
1212
2934
1392
1806
135
2523
1688
2507
2132
1847
4458
4351
2525
703
3350
2638
1856
788
518
211
3497
3423
3674
4914
1840
230
2909
893
4768
122
4090
2738
291
2215
1859
2695
3553
527
1554
2437
1610
2564
578
2120
4660
157
1033
716
3647
2164
1649
2858
406
4883
3313
3671
2773
2306
3742
4337
3339
4548
3106
2366
1756
4087
3629
1822
1777
653
2486
4970
456
1884
3526
3093
3158
3110
4627
460
4334
874
3731
1672
200
1045
2851
3883
766
3634
591
1618
4876
2677
4999
3184
3177
790
4768
3891
203
4252
3108
2593
2981
736
4824
4261
4840
3038
3397
2578
4340
3414
1119
2800
500
4390
1575
1356
1733
3153
20
4923
2176
2871
3452
2971
331
576
3419
3995
1178
2437
869
1934
4199
3566
3574
502
978
686
2940
4421
2294
2295
3246
2783
881
2167
2599
1038
2288
3315
1167
4326
2491
757
3472
1149
2197
2715
2805
2621
4003
1091
2049
3762
4827
3334
1454
4588
2301
4063
178
4980
24
1044
4622
3552
2870
1390
2867
2019
4750
89
750
2792
2523
4226
1397
3779
957
2492
1226
645
4932
858
1753
2985
1285
1517
2721
2180
3987
3446
3363
4888
2566
4205
4838
2428
4949
3837
3148
2528
2142
2960
3067
1178
3428
3438
4892
3563
1996
1207
2060
4332
2174
2152
3917
3654
698
3107
4212
1828
671
1374
2074
1416
3155
2336
3560
2122
2550
1053
3042
4935
3188
4928
4991
3231
818
815
2952
4844
3902
1178
3763
340
889
149
1305
3958
890
1612
339
4976
1438
2654
2218
3476
3232
2010
534
737
3062
4349
977
751
2316
2506
975
588
4754
1047
897
3605
3467
735
4870
717
3189
4794
506
1228
393
4054
3093
956
4828
4358
1032
1624
2440
819
583
1766
824
4800
4206
626
4657
728
3049
2778
4752
1090
378
2470
685
4227
3993
2900
3143
794
1941
1937
3439
973
2046
1992
3834
825
2080
3053
3623
2366
3610
4093
2131
3249
3815
4352
1047
3140
823
2219
4783
163
4371
702
3753
2017
4825
4720
1770
2625
4857
1696
4963
1424
4344
3198
901
3657
253
1598
2833
1274
4594
1992
227
303
4714
863
3022
1804
1483
4222
3267
4752
2185
4209
4073
482
1132
4395
2042
4526
2330
258
605
2976
4713
2578
2928
1723
1771
2734
4320
3177
3594
127
314
1334
642
3231
2823
2297
4794
1985
3081
3611
4451
535
1248
2019
1763
536
3887
503
1263
1516
1707
1716
458
1028
1266
1159
4183
3577
541
4730
744
3555
4542
1482
4168
3669
3394
3714
3100
1600
1552
2755
3134
3866
3086
36
643
2143
4183
4328
2387
3505
314
2244
1461
2335
1722
364
1365
2885
2154
3600
1260
2722
2020
650
1688
3533
3381
3665
1321
2048
463
469
1523
31
596
3960
1774
3609
1762
4538
264
3399
4175
2679
182
3173
4553
5
3522
1054
3021
3469
434
3463
3804
3508
3425
3318
2135
3273
1957
201
1048
2300
4236
1495
2992
4231
4239
4715
2411
4435
3281
2514
1741
4652
1659
3112
4470
3012
2185
123
207
4038
3636
2008
2909
4492
3431
2658
4708
2179
86
821
3995
1064
2221
2369
2690
2307
2197
634
3868
2087
3654
1305
2167
3312
3510
4609
638
4584
216
3769
3978
1021
1315
4973
4297
2802
4588
330
1857
3540
3363
1562
4445
1840
2752
3400
310
660
4885
1929
825
328
2427
4369
311
2323
928
3012
1675
2182
1804
2313
2808
1148
3997
4368
4889
2406
3603
4252
41
4027
2022
2968
1992
1973
4432
1978
4674
2779
1620
4555
4926
1759
4473
444
1733
3864
1686
1560
651
535
2466
2714
3369
2165
2289
2591
3556
2035
1012
1480
1423
3827
3874
3473
684
1076
2192
2133
2807
3166
1795
4855
4770
3743
3493
2406
2697
3631
1137
1384
90
1637
4046
3573
539
2834
1871
2434
1121
188
1181
3213
3869
1645
4311
4402
4020
1024
2292
4536
4940
2343
4882
4565
907
3412
2015
2275
172
834
2208
1503
1968
4748
4718
130
2399
2932
3507
2075
363
128
2301
4789
946
4697
1299
4970
4955
961
2318
1499
4504
1842
431
812
843
2661
1396
1209
1826
3200
406
3829
2716
1394
3983
4267
232
3252
3034
87
1013
4884
1395
687
1927
3719
386
2285
894
2294
1186
1973
3134
4216
3072
1111
4034
3154
1821
4509
1034
1971
3818
3163
3218
364
2671
4508
3525
603
1370
431
4754
2251
4311
4529
1787
2960
4695
1342
3698
3697
4139
1552
668
3030
2509
3369
1891
1317
2303
1614
1872
1905
3107
2197
3809
2715
2939
1014
4967
2808
4511
2459
224
4790
725
4074
1204
186
4930
31
4679
1109
2750
2467
148
2867
3528
885
2778
3344
683
1105
4120
1275
1514
1515
4279
1771
3273
589
452
3707
3531
916
3012
4826
4144
1223
1559
1678
4370
4128
4604
2736
4917
3594
2818
4324
992
2346
2011
194
3631
704
3259
1869
4859
4590
3870
3117
3487
1677
4075
3155
4580
933
663
4452
1901
2019
4937
2232
3875
2302
3692
4047
4869
447
3126
4014
4841
1832
1860
2591
1643
2274
478
3993
1539
2785
1278
4609
4722
4364
3137
2025
3889
3036
2673
524
157
1644
4125
162
1881
1114
1614
2780
3162
181
3723
4565
94
3812
1548
1025
4046
1816
2664
1467
2531
357
4652
1364
4450
375
3138
2201
2766
3140
491
4666
3902
4422
2613
2295
4404
13
2496
3935
1680
1591
462
4623
1848
3147
2252
752
3993
4475
2409
1626
1389
4450
1593
768
1468
3075
2785
1587
2598
2550
2519
3265
1953
3815
4595
3974
36
1340
4917
4781
3636
115
2400
3848
279
87
2101
1794
3466
4535
3009
322
4245
100
4158
2471
902
2473
3986
4100
4847
2961
4115
2477
1957
2428
4969
4060
4949
326
1909
4850
3569
2828
1798
2914
639
274
1177
3937
3276
419
3462
1922
4809
233
3854
3388
4207
214
1853
4674
1057
1462
2586
3220
387
2006
4334
4926
2893
93
955
942
2348
3450
4119
3513
3260
4739
1515
1734
3059
4694
3470
4309
4370
668
1641
2701
4166
4587
4701
4257
2848
530
2195
1181
2546
3435
3993
2464
194
1654
3994
2120
2170
2338
3029
3353
3552
4907
2105
4503
1282
4066
3438
3880
1794
112
2936
1857
4889
520
4047
4815
1919
3032
4157
1811
2564
1742
952
1079
759
3911
2417
4714
1560
1490
398
1156
2002
2589
3887
1328
240
4380
4473
551
3526
163
2605
4570
1815
4583
4613
4328
46
2226
1640
326
3398
1092
2921
3694
1070
3660
2069
2321
370
4547
1298
1659
4176
4990
4758
1059
1054
624
3386
2750
3589
311
4969
1817
1711
4986
4323
1791
4084
1764
4767
1708
1837
4794
3313
1745
191
583
3245
801
4782
1789
4006
617
718
4705
4565
2310
3677
1927
2691
2423
3584
2935
3802
1843
2672
1578
4304
2217
967
684
610
705
3494
295
1242
185
4761
2257
697
3280
2305
137
4999
4799
2350
4719
108
3463
1885
1555
606
30
2690
3306
2330
156
4122
852
3886
1633
2705
3416
3199
1831
2812
4185
1528
2484
3998
4147
3628
153
1775
3151
3961
1990
4872
3407
144
2664
3286
1920
1050
4548
2663
4585
3234
4533
1811
938
604
2081
1387
4783
3514
4365
3061
2192
4693
626
4699
4609
695
4076
3359
1034
3775
991
4163
4536
377
2824
4316
4569
3647
3469
2841
2823
3647
14
2820
1610
194
1620
4182
4995
4488
2353
1342
4187
1961
110
1237
4890
7
4973
3550
628
531
1618
1179
2264
3471
1622
236
194
3724
2801
135
1963
156
3906
555
4279
1596
4324
3334
4656
1010
4603
3581
4181
260
4951
566
4128
4128
34
170
418
3520
4702
1954
1137
4037
1501
138
3625
2310
2066
4037
3838
3799
781
4753
2001
1952
282
1166
4758
4918
4693
4533
323
2222
2682
2216
4351
72
3714
2368
526
236
2093
2601
1095
3643
4668
1942
3833
1138
4305
1618
3170
69
2477
1477
4468
1608
601
82
1685
8
964
2782
4908
1182
4348
3295
478
4311
2732
622
2717
1377
1652
4312
2466
808
3100
2395
3932
2644
1071
2524
2575
3912
3097
3119
3016
4115
2401
2560
2212
2024
1523
739
4366
1176
4513
3492
318
2765
1077
1739
397
844
2258
3354
970
1007
3536
2072
1174
4968
2435
3983
2556
4727
4009
3400
620
1224
3819
1159
3502
3667
4243
4643
4271
1945
1254
70
4571
810
4998
3852
3610
741
3806
1075
2717
1664
2482
378
1953
1950
1982
797
1510
1365
3850
2367
1896
2891
4006
3515
3113
4589
1763
4564
4337
3933
1164
2872
1828
3274
3014
1424
4045
1374
2206
3900
4209
2159
1209
543
1801
3137
1814
350
723
2132
3518
1397
3101
2274
3132
2342
3989
1397
1488
4395
3418
3286
4354
4321
3571
4440
908
245
27
1253
4384
3332
2335
3824
754
4628
395
3776
2549
2601
4370
4786
1181
3195
2133
735
2378
432
4468
2648
585
1863
4509
1856
4447
4416
4171
3041
1728
2434
1524
2093
3280
954
4379
4946
1920
3522
1549
4820
3318
89
4519
1539
2269
1793
3529
2839
3945
655
3276
3856
993
3517
4746
2194
3585
733
891
2266
789
1437
145
3809
2852
3423
3014
762
275
1939
3219
2923
1770
2931
1129
4053
4479
2551
3468
1353
1047
961
4534
2484
4410
4740
405
2558
2424
3429
3884
4756
671
2029
4138
4521
3073
2479
1302
3465
1152
3425
2502
443
4069
3821
2047
3448
2775
2159
4769
2249
2914
4377
2747
2953
2304
4739
1903
1906
134
237
1193
2605
1219
313
3393
551
4930
4936
2698
2198
4652
352
636
441
4894
3032
3013
294
4385
3633
1892
4702
4793
4006
2817
1633
908
1550
3798
4900
4404
1470
3755
2360
4545
3720
4440
1426
427
2689
1046
3062
640
3920
2997
1680
2441
3415
2657
4615
3802
1320
937
1087
2944
3032
33
1849
1218
2039
4786
1908
1437
17
392
22
25
1010
450
4874
2583
2710
581
4105
3746
4158
4104
3629
3421
399
2499
887
2787
891
4646
1986
4646
4716
76
3878
3999
1897
2708
3996
952
1346
2822
1043
4302
2269
1234
1826
435
2049
930
334
3366
4924
2617
1456
3060
1992
1949
3040
364
4348
2400
1183
3191
2398
4016
4951
4781
647
4543
2938
1182
3505
650
331
1284
3913
3245
1420
4031
2834
2108
3704
3663
3901
1335
1037
99
3778
3310
4459
2825
21
222
663
2887
4494
3316
4253
3856
1636
1410
1207
3877
2116
1373
2245
2144
3685
4574
991
4439
2272
4524
3128
3564
2604
2198
3946
1798
3921
1774
2978
3726
2567
774
618
4059
4501
4828
2920
1287
2043
3571
1983
4303
383
380
598
323
658
4956
1083
3741
2647
3974
4467
1763
1372
1287
2465
3928
3163
424
888
3890
2972
3360
4439
3046
991
795
4043
1899
2872
426
4146
1241
4086
947
3657
1524
230
764
439
34
1321
1647
540
1717
4376
3824
4575
780
4823
233
4931
1403
3550
3924
3723
2203
2617
3850
2664
284
3956
517
2281
1988
1584
4245
4140
3719
4130
13
1007
2430
737
4122
1116
1653
4613
4171
3963
157
4800
65
1303
1619
2942
52
3269
4903
3108
2018
781
799
3958
1527
1675
2356
3814
4332
4219
2143
414
2357
2938
1060
3412
3369
2917
4559
3908
831
17
3379
1568
1676
653
2158
1120
968
1079
531
1272
3715
2343
2567
367
279
3319
1674
4291
3158
521
4299
3466
4093
4585
2067
1943
1747
4621
3192
2915
1448
2830
284
1183
4710
3082
2905
4380
2539
3360
4489
996
2744
3252
4477
4500
2737
3906
2784
4108
565
4122
4954
3998
3157
2507
2612
4007
2008
1857
73
1117
2804
3197
4221
2277
1703
3145
1008
350
2272
4518
3195
1244
3303
1365
182
1503
4004
834
2046
1936
4283
556
1141
4051
4126
1462
870
2355
2293
2206
2489
1822
826
2617
2058
1059
3083
4851
885
2984
4313
2167
4083
1057
4979
1490
3103
351
3327
2202
4336
4025
4935
4806
2159
1993
3217
4414
1032
4820
1135
204
2493
2169
577
3290
4178
1318
2166
1662
4216
2565
4451
2120
602
4558
2748
390
1425
3845
4091
1813
3042
4203
1032
1311
4572
2521
3290
2529
3305
4312
2455
2340
1902
3125
1265
3123
4479
4421
160
1490
4949
702
114
3397
2217
943
1979
1780
3099
3616
3821
4175
73
3874
3979
3962
2210
1659
3842
178
3912
3816
568
2057
2301
4482
1236
721
376
4312
1164
1705
4297
336
371
3217
4407
4490
3431
1328
842
123
4185
4495
848
2023
3069
1102
1169
1761
1014
4932
91
1401
177
4748
39
4865
2977
397
2796
2515
2167
4126
738
733
933
2005
3669
4554
3252
1655
2135
2651
991
3687
4307
211
487
529
4809
1508
2585
2568
96
209
1377
2761
1232
1723
3116
2165
1187
3130
3049
28
16
2488
4150
3389
2515
567
2983
2336
4228
4315
4186
3366
2901
2579
1307
4494
3758
908
2976
2064
3196
3462
4653
399
1759
1336
2420
1741
3508
2837
1580
138
140
2524
4013
4199
4472
2042
4554
4900
4133
2058
2859
850
2599
845
3495
4699
908
1299
3250
602
4676
4461
881
3914
2268
3809
801
546
1236
892
3421
4634
1387
4093
1153
4468
4082
3566
287
2826
3630
1652
240
4163
2886
4304
2908
2302
1418
347
1107
3567
837
1584
1327
1515
3170
3078
2306
703
4363
4131
2124
3152
1297
1774
2844
2433
1904
4808
2893
1548
4263
2694
3698
2028
1761
4832
3293
2912
2710
2044
890
4548
3996
3288
2650
3362
4643
1906
126
39
1397
1967
4131
4776
4675
1474
2997
4534
4513
513
475
3454
2343
3612
4744
3873
741
1881
1286
1592
4475
1713
3583
336
2483
3106
1895
1569
1630
1884
1592
2084
4361
1392
3774
3047
3596
431
2167
414
4497
504
1525
2885
3946
1661
4030
4831
4855
2481
1417
2858
3667
1004
1809
926
647
4652
1502
202
3841
3432
3176
1070
3794
1976
3279
957
2395
2206
2547
2919
462
4684
4927
1132
4914
2925
1347
735
2652
1241
1104
679
4506
2893
4834
4515
3850
1616
4300
282
749
797
491
1932
3750
866
2757
951
2678
1693
2974
3098
2030
3031
4956
1443
853
2315
628
3123
1192
349
657
3478
3480
1688
3562
2503
3472
2768
3508
4781
1594
2054
3287
312
1801
2788
215
4929
3312
111
3921
203
4836
605
1277
4018
2137
3571
4945
4235
1055
4568
3275
4129
4339
3023
538
4496
1907
1954
2736
3625
383
4107
460
2549
4031
47
1548
4242
432
8
2505
1691
533
2541
3944
1008
3905
4261
1513
2016
1334
1243
50
4962
3102
3859
4951
3299
2565
3099
986
3694
887
2688
44
690
42
2525
541
4696
2439
262
2483
3219
1790
4053
3405
1520
1061
780
1687
111
4638
295
4962
2757
3051
2487
2625
4923
4872
208
2648
3821
1643
2357
4212
2484
2951
2681
3872
1548
4999
1076
4252
3649
2288
434
496
1613
3273
3352
960
2871
2092
4223
4884
3750
4735
3526
1030
3582
4268
2360
2506
4790
953
1502
4280
1381
4391
555
1107
4510
1042
3983
4851
46
1728
2055
1445
4299
4979
1030
3969
350
3336
3104
4579
3629
969
2923
4273
1691
2211
3717
731
4340
1885
2339
705
1536
4510
3764
4705
2747
767
1844
2957
2678
824
4363
2868
4544
378
1694
4489
3303
1527
4594
1698
2534
1831
2951
3103
4870
1174
3515
2887
2164
2274
912
3082
2807
1972
2500
14
4875
1635
3847
3890
16
1307
2886
1776
4264
3438
2051
439
3189
3336
3927
1787
59
4669
2215
4910
1942
4644
1070
4928
4905
4719
2095
149
756
3956
4539
272
3966
3376
509
4610
3734
922
3228
568
2333
2890
2640
3874
2171
3951
3914
3280
252
4093
644
3724
4932
2125
776
3198
1163
1585
4586
4784
1645
1159
230
1611
2543
2984
3677
3717
3710
3430
1073
2033
4574
2234
2823
994
3116
2075
4947
2501
1614
1980
4499
216
4069
4138
2106
4434
1488
3
916
4005
2442
2790
2502
3050
2583
4717
1522
1452
3024
3611
2181
4352
3765
4731
795
2137
4590
4926
4992
3667
2097
2472
1366
1697
2786
2215
4609
760
3384
1869
2441
3971
818
1576
1863
1501
517
102
3546
4698
2959
2255
2392
1095
4637
3412
3575
1782
867
3239
4597
3883
4109
1978
161
2119
2718
3910
2914
4693
1309
3845
4346
4982
146
3759
1399
1764
2227
2928
579
1976
3002
1172
2623
1226
3874
1072
2014
3550
1921
1264
1885
3147
4508
4171
1127
2075
3702
2787
1727
4141
1674
2359
643
1478
4502
4098
1771
1532
3051
4254
4778
3449
844
3186
3870
4096
113
270
787
201
3431
1765
2559
4347
4608
4991
836
3798
3780
3428
832
2400
2842
3604
4175
2040
3667
864
1223
1389
2776
2400
4629
921
2376
2136
2206
4448
3945
3333
3401
3637
1777
1024
4900
3260
176
2642
2189
1161
4197
1432
93
3160
129
3539
1610
4390
3122
847
574
4807
646
2955
4946
2837
1696
2877
3783
2416
2912
2352
2188
4898
4044
3839
4767
3555
1429
2595
4412
4681
4401
3411
4450
499
806
2888
3446
390
4054
4352
3222
3151
357
3771
1870
4280
1102
1282
4831
3525
1511
4185
3311
4168
3019
3521
596
1793
3041
2586
3062
1511
2041
1994
3922
3887
4096
2141
4009
1042
3352
199
142
675
57
4969
2873
1977
1096
4236
1658
3689
1192
454
1758
770
2194
1898
3402
2422
4136
2618
22
447
2972
825
3606
3184
1175
1555
1452
1491
3608
723
4889
4525
2348
3933
1751
4293
385
4641
650
4213
357
2549
1348
3167
761
4314
1778
2783
3293
4957
3506
1926
1251
4565
3677
3641
172
1150
2756
1020
3117
1777
3595
4737
4285
312
3632
1236
876
1416
3270
1795
4362
1623
4726
3965
3618
4628
1897
3108
3544
4137
3054
3025
4138
3889
4389
900
1169
714
3733
3053
878
2726
4970
4237
2377
1023
4970
4452
2681
4494
1063
3520
517
3596
3366
4907
1364
215
2507
1520
2373
1956
4534
2462
2097
489
1073
992
1203
4799
4019
157
1592
1455
302
3844
2585
248
3547
2230
4115
4823
647
1866
3083
4154
2571
1880
303
1966
4935
4029
1719
2478
142
594
3793
2071
4139
341
4261
2724
2081
4037
663
4361
3459
2264
323
4432
3474
4498
1697
4369
3722
4701
3275
3747
1471
4909
2441
4286
3088
4540
2972
2035
3404
4421
1096
2358
4074
759
1286
3572
214
539
4201
1357
885
1096
458
2291
190
2825
146
1113
2064
285
4262
2593
3024
3163
488
98
3449
4847
1976
4221
4173
2583
4079
1087
1443
4450
172
1192
4540
4651
4015
875
1603
4829
2312
4800
463
421
2388
4049
2529
2265
1166
673
4016
4947
2855
838
80
4633
4030
4897
3629
358
1018
4014
1892
4011
767
4200
9
501
2620
4858
2213
844
4658
206
2386
2138
4550
3190
2048
4682
1060
2736
63
2711
3658
1461
4621
1475
3882
2190
4282
4669
3391
2907
1142
2424
4873
977
400
1357
3233
3768
1895
4409
724
4016
384
4464
961
4562
2634
1967
2973
3295
607
3042
2716
433
1290
837
736
1493
4969
4076
880
551
4992
3067
1244
4669
3321
4628
4773
1581
2406
3688
3188
4008
207
534
4156
210
1375
3941
2885
1629
3919
1671
551
4741
1883
1075
3250
464
855
3782
1372
748
4323
4706
587
3188
205
1863
1866
789
3082
4730
4185
220
3936
118
4872
3190
440
815
3730
1783
2097
3467
3388
4883
775
3438
4533
4026
3434
629
953
3312
89
1497
563
4212
1316
3754
4836
2400
835
1479
301
4961
4977
4630
2048
2578
2072
3192
396
2568
1070
2442
3155
4875
4919
2062
2148
4370
527
3101
3915
4077
3325
2989
786
183
745
131
4714
937
158
767
2574
2802
3067
2123
2826
3462
3597
2065
4723
2559
591
1745
2484
2248
3844
3976
3110
949
1285
1320
2753
4889
145
4121
2821
3311
1411
4966
3232
4440
3120
2318
1499
581
4268
2292
2554
1949
2415
3818
503
99
4246
3670
4708
3050
4661
4099
3889
484
1185
2053
3165
3612
1738
220
190
570
62
1370
2827
4462
4368
3745
2019
2401
975
1471
4781
159
1007
225
3484
3294
4444
4648
3864
1841
2054
239
407
1962
2034
3704
4050
4125
4374
2007
3364
3700
2274
1597
1637
1074
1130
555
3535
4631
1905
2637
1258
1229
1931
3451
1365
17
2426
253
4695
1701
3291
3098
3040
1635
1964
1319
2514
1321
4400
591
4771
4207
2450
2039
3505
2861
3208
1141
4898
906
2108
404
1941
4312
2822
1051
3799
2907
3260
199
2643
4223
3213
1265
1615
3019
440
1584
3862
1112
3241
2475
3789
3363
3822
3232
2976
1926
2986
1790
4413
2126
2960
1030
4989
4574
1395
971
2391
4369
841
3339
3855
4516
4242
1222
416
1898
3251
2826
1606
423
2400
4548
1752
2204
3449
4850
298
3885
423
1680
4838
1458
2165
2412
1763
3199
442
1549
701
1571
2893
2669
181
1206
1378
2341
3175
1321
2515
13
2458
2194
3460
4094
1943
1533
2221
708
1423
2871
3058
2876
3385
4332
3756
4087
1828
2387
2834
1512
4241
1450
969
325
4174
1431
2198
1884
3082
1602
1679
4754
1335
384
3078
3785
4603
1918
4853
3761
3005
1532
1007
336
1718
3446
3094
2236
2953
352
1519
4978
475
706
449
2582
4091
850
1857
6
2777
321
519
296
1356
4963
2993
1684
1923
3694
4889
1108
2403
1032
1966
1910
955
3762
1867
4676
1108
1325
4525
1455
3822
807
541
4858
3891
3633
3090
4749
4354
2323
136
1530
3845
1922
21
1245
3047
1958
4702
3984
2677
1051
1207
3337
1666
2510
3093
868
467
551
4955
843
654
2984
4281
1709
3236
2468
1207
2048
4361
4720
2963
4986
3326
3263
1056
1313
4074
1578
492
2767
2591
4784
1580
3246
3875
4182
1117
1912
3408
4293
993
3432
4295
3235
3535
1835
2492
3557
4100
728
3797
1889
2758
3835
2528
2005
3069
1124
3055
2183
2288
1977
1612
3941
3516
3157
2059
539
1611
549
511
4827
901
4901
24
2324
3994
3074
2728
1621
2237
2505
3117
471
4608
2887
2384
2185
3111
302
4994
3169
3947
271
4911
3750
21
2483
147
606
1577
1161
560
446
3016
1324
69
780
181
2406
715
4891
3663
1985
2227
4376
4929
3596
2029
3852
3311
3865
1849
3700
3155
450
3362
2952
1680
3523
1525
673
4345
4770
541
458
757
4160
3617
3898
443
949
3929
120
4003
1665
487
4777
1464
4053
3800
3072
874
2219
2530
2701
1423
4455
3540
3805
1658
1471
4026
4298
4572
4040
645
189
2620
263
1803
1738
1958
3966
547
2572
1459
1932
1709
112
3286
3992
3240
1929
3085
1163
2901
3868
4093
3365
2725
2082
695
4409
4942
2302
3244
3273
4264
977
2177
1876
2719
4126
732
856
4452
1027
1813
1066
4160
1088
793
4786
4093
3518
2307
1885
778
658
334
2403
3900
2072
2111
3311
1014
2773
2675
3414
2994
177
3080
1632
1407
655
1597
163
226
2784
3423
234
559
675
714
4452
3307
1954
980
963
931
1295
3145
930
752
1580
1805
2042
3439
1065
1506
2048
1635
1162
4060
2556
4863
680
3215
4568
3158
3655
2226
3497
3078
4108
1105
2642
1031
2365
1624
367
84
3771
4349
2450
2668
1925
3252
2355
2864
4797
4708
3400
3188
3317
3924
3062
2038
3326
3076
895
4238
2966
1736
2803
3342
3890
1349
654
621
896
1836
2458
1913
841
4602
4606
4742
2945
2505
3896
4393
3852
3580
3337
3860
2045
1558
1957
3834
2481
2498
107
160
3563
3048
2994
2429
4788
2160
1423
3633
4706
4290
4986
2047
25
3385
4182
2768
2990
3199
4202
2579
383
746
4365
3058
3763
927
3435
3107
1799
1625
2309
3321
1804
4831
1802
873
3836
577
4528
4827
1972
1741
1093
3067
3612
4007
2102
3245
3927
1542
3698
1432
3803
163
631
3395
905
1073
2085
4666
4699
4434
1746
1821
2564
3337
4848
3656
331
4970
1184
2167
1884
2019
4311
4511
3654
3608
3433
3374
1139
1323
702
4412
796
2112
2924
685
1920
1116
2883
272
4368
3724
1803
4462
4233
2391
644
217
839
34
4251
1818
4650
3034
3563
2866
1969
3152
2379
1061
3524
3908
1423
4433
307
3204
3672
3947
1273
256
1198
3642
3756
1127
6
752
3719
3401
595
4448
4189
1795
3228
3151
1491
2773
3161
1574
140
2435
2288
4912
3496
3244
4958
3865
3551
1378
1943
401
4444
2768
2788
444
580
2102
3023
899
1442
349
3993
4692
1477
2605
4254
3738
4647
4303
2811
1031
4518
79
646
4240
1985
851
3297
4526
4004
901
3449
471
