222
601
375
530
369
332
515
133
291
371
308
342
739
658
123
46
202
614
719
131
259
609
58
686
530
392
872
55
887
832
807
729
848
580
177
309
329
517
629
25
175
87
272
544
137
893
48
53
229
136
421
850
619
791
651
932
496
602
222
302
565
266
208
998
112
421
629
64
787
281
96
946
556
52
285
64
464
457
43
525
154
11
171
223
305
882
178
807
401
459
561
250
527
986
396
8
87
860
297
999
638
475
37
883
245
693
372
392
40
329
876
673
904
235
825
899
438
863
426
619
658
402
951
584
68
852
553
38
49
653
826
708
729
712
402
964
756
956
132
907
640
752
641
347
604
820
315
919
94
484
10
817
383
383
33
879
939
992
188
10
477
568
936
177
863
375
971
458
306
302
746
880
490
238
762
38
586
793
652
713
300
256
372
989
394
870
24
601
345
798
138
484
52
391
429
782
792
608
350
772
815
708
970
472
271
560
989
878
382
197
927
101
36
460
783
865
214
848
721
106
940
928
569
663
660
922
183
288
225
325
974
458
907
665
139
734
115
760
403
638
730
90
305
296
236
141
342
314
66
817
498
641
836
305
974
390
389
977
154
854
821
203
106
205
908
181
168
608
609
144
411
733
570
547
33
901
789
108
976
348
880
792
307
345
595
120
175
148
531
389
377
27
196
685
838
844
848
780
547
928
793
284
748
216
44
657
435
908
533
937
441
117
286
305
679
244
233
827
321
60
580
5
963
744
914
979
88
348
460
499
346
417
158
18
479
780
498
525
911
700
263
972
320
914
619
402
724
257
218
146
891
891
233
687
105
337
498
61
604
827
180
895
214
689
652
450
995
761
482
273
942
53
724
318
24
170
916
645
127
195
475
64
690
46
392
316
71
523
418
671
962
535
146
37
375
249
671
949
17
134
748
37
86
131
616
849
793
459
918
113
155
757
377
833
853
572
160
785
208
413
102
314
566
865
201
511
635
493
69
149
593
515
251
970
979
490
593
203
695
495
69
400
649
535
753
970
842
154
844
4
942
508
929
261
646
352
890
418
375
705
150
950
99
161
150
239
335
75
259
784
625
132
515
614
31
8
885
258
447
120
955
899
775
699
230
550
264
669
462
376
556
64
673
518
239
969
807
27
946
224
174
763
308
365
107
380
302
550
507
746
787
437
205
412
289
269
293
983
306
633
868
517
717
636
848
286
47
478
786
534
684
664
850
74
296
330
397
839
37
422
808
749
309
713
512
498
143
890
355
129
491
199
763
489
972
378
341
949
883
865
856
974
496
513
752
419
969
303
642
647
393
779
429
845
787
198
994
132
76
626
608
321
360
464
504
457
19
141
269
472
435
951
987
579
409
280
298
264
535
701
801
975
104
663
463
881
324
780
974
300
902
930
197
659
288
665
152
100
128
662
202
81
721
194
354
593
529
864
861
842
31
81
536
512
481
10
457
969
352
991
978
7
517
647
220
8
475
180
472
613
152
572
165
272
86
696
334
278
37
555
763
150
321
141
214
460
415
644
413
484
629
0
735
272
891
13
728
998
949
527
931
706
519
390
634
803
203
197
507
913
196
34
284
953
99
721
902
537
373
281
784
69
242
620
176
129
76
653
725
26
567
365
699
607
237
528
539
700
74
79
657
788
345
371
654
779
885
799
374
979
403
527
476
633
608
301
438
631
199
584
170
255
14
494
649
58
890
288
263
255
27
365
771
214
900
28
57
923
28
495
103
534
127
880
848
348
469
138
858
843
467
213
972
611
803
855
358
316
643
862
644
23
720
717
39
513
358
859
630
445
705
71
268
469
750
726
715
656
898
863
978
846
164
337
994
788
276
527
105
154
236
332
969
827
140
439
852
27
291
105
463
172
921
927
750
564
51
345
342
259
293
850
541
739
653
145
55
244
601
734
874
862
990
673
983
754
600
476
809
109
353
401
600
696
511
606
133
117
389
904
447
129
384
113
496
635
375
216
923
205
776
836
350
244
803
747
880
158
742
411
707
131
272
771
36
372
135
789
706
939
701
464
204
503
226
308
994
662
849
520
322
660
627
337
923
619
150
311
309
658
535
471
549
481
856
629
723
326
283
300
457
359
502
975
237
881
202
731
388
965
672
416
928
365
807
880
684
825
85
10
372
138
279
522
541
559
992
782
561
444
272
103
82
220
886
276
625
32
27
318
236
704
518
656
370
841
799
250
428
213
241
378
625
749
600
70
91
783
644
426
408
382
249
302
978
881
523
100
900
989
739
646
297
54
142
381
230
376
911
371
