5859
6017
7604
6597
4644
1868
3324
1633
2680
9594
6047
7492
2127
2292
218
8711
4742
1536
5213
7167
2435
7069
8165
8114
6873
1664
2638
5384
4825
4736
1080
5571
8480
818
1562
3561
2460
1477
1738
4239
1731
1772
5522
7721
7153
4853
428
7962
7864
777
6065
7066
2238
8160
6729
162
1621
9730
3589
8176
3569
5404
4412
8348
3808
8963
1309
4836
8635
6915
9468
4253
1976
667
2343
3479
3815
5568
1261
9594
9230
2932
9930
4269
9738
3644
6803
7465
1167
4414
771
7791
4790
310
8159
9341
927
9629
1488
7382
6729
9725
2973
7719
2382
4872
8223
7079
2429
9767
8120
4378
1443
4757
9342
5189
5759
1392
6486
4269
5496
9389
1285
3493
3572
8612
6865
5023
954
2153
7523
2069
9829
9105
6992
2087
8949
8135
655
9740
7844
5438
9692
9491
9135
3164
7614
148
657
6929
2159
6228
1622
3480
8016
3457
9527
2126
8356
8273
7038
6024
5619
3671
558
1908
4547
6214
4709
9362
2915
1588
9438
3224
7942
8514
8969
5224
8842
3374
4317
3439
8483
401
3593
670
9631
4760
6800
5322
3740
8379
4358
890
2762
866
1067
2647
6939
361
9723
2614
4058
1655
1121
6425
8119
1437
9640
8160
7903
2999
6158
1760
8403
5253
2487
100
576
3388
4065
5328
7404
1031
125
6554
6718
6244
3039
3486
3754
6198
1085
7108
8924
7879
1333
996
8751
4655
1875
9355
455
1064
5128
386
3141
656
6412
6064
1079
4231
4530
1929
7019
8328
3580
2977
6037
6295
7690
4249
2856
6800
2921
7218
8130
7105
3048
5549
1649
970
8432
6346
2936
3515
9708
5469
2205
7889
509
8016
7150
1089
5933
7565
3536
8775
5998
273
48
1420
5765
2416
390
6647
6385
2475
8077
5083
3769
1353
1905
9589
4099
6828
2568
203
7910
816
3380
9635
6949
561
581
6664
543
7332
1186
7283
682
8716
8863
5924
7540
3122
786
1627
9665
7564
946
6470
5531
2333
7890
6127
5696
8651
7352
4888
7275
7891
2735
9986
4936
3467
8941
2567
5161
8982
7483
5168
2968
8733
3374
8019
2826
9158
6750
9035
7980
2328
4699
4830
4899
5069
1260
2603
2075
9822
6070
5234
4878
5813
4620
4437
704
1652
5586
9314
1118
2925
3222
155
223
910
5254
9822
960
974
9274
7569
3579
1765
3081
2632
2973
8798
6950
7445
4118
8503
8288
2813
7324
1360
1664
9893
7517
5193
9650
6328
4277
2226
2479
6373
1845
5987
6959
7358
815
6672
7629
7336
5744
6032
5617
1252
5379
5413
3175
5485
4739
3013
4351
3101
750
8962
4779
4662
5673
9325
6047
1937
5034
2606
2610
4357
9263
4862
1724
557
791
2013
9367
9848
786
438
7614
972
2279
9465
1434
7962
8883
1828
5385
5482
823
709
3160
8460
2500
4436
5477
3377
8312
2443
4255
1050
5940
8588
3566
3255
8823
415
321
8025
2049
5453
158
979
8363
8158
6507
2521
3527
3580
3298
3246
2742
6346
4280
2409
2356
6072
4415
6788
3569
2771
1332
9801
7365
8375
7285
3196
2375
2949
4607
6191
9908
6698
119
9369
2853
1356
6452
3214
7677
7056
780
3589
1238
3274
3894
9037
6632
4934
5123
7220
4794
7280
1044
363
1063
5588
8460
2029
8442
8347
4622
77
1769
4955
146
3143
9504
1575
2613
499
2373
1200
1301
7614
572
6549
6040
2278
3750
6882
5641
8624
505
2316
3871
8898
6587
1751
3452
5310
3553
2992
1042
6820
2069
6160
8672
8206
6600
3992
9611
1239
685
5113
9112
328
4536
8887
3036
7473
9162
2930
9791
3863
3753
6883
3578
7974
5525
8541
9403
2499
3765
926
2826
4966
2277
1405
9909
9374
6958
6436
5350
8705
7715
8051
9247
647
6455
656
5481
1368
5353
9247
7176
4701
2119
2638
7209
6562
1491
7793
4238
6965
4668
3849
7214
4462
893
6939
3851
364
7924
9395
1017
2574
594
9427
7520
1391
9184
9883
2256
2117
1838
7161
3181
1812
7717
3899
5090
44
136
1498
6661
5982
1382
1113
9728
6666
3446
4167
6273
3802
1377
6011
1077
8927
8486
8811
527
9289
5110
2249
522
9280
5164
3156
8971
4774
7191
7634
829
204
9138
1804
6157
731
8561
9730
4170
4341
2501
9650
8731
1222
3729
2086
3278
255
2587
5927
5643
4973
6149
1095
5723
3821
8908
8870
1494
2072
1717
3474
1313
5235
8207
1013
2996
6297
386
4365
2624
1654
7649
5106
8563
3060
5918
6073
8650
5452
6123
657
1027
2983
3752
7414
1583
8112
3679
1099
3477
1099
7001
3700
6712
9736
9087
1586
8223
1675
574
7343
5454
4181
5517
7409
8888
8661
3419
9086
1503
9820
4352
3039
5619
1765
8898
9858
108
5932
7119
1795
3431
8151
3282
3255
478
4711
5549
6139
3671
9763
2369
8643
1307
8902
9759
8589
8606
6277
6234
4893
9427
5067
4562
3267
9138
3672
2099
4734
1584
2465
3899
8067
5646
8432
5328
9733
9342
7570
3399
7443
1950
7366
8548
5899
7111
4206
1064
5831
2398
3064
8898
9919
3297
9306
6073
1692
2087
4963
3397
6006
4580
4301
5721
2178
194
6052
2440
3388
3319
2132
472
8427
6452
5197
1421
4404
8074
9886
7149
1479
728
5085
479
3243
7266
7058
237
8820
5747
5801
2367
5294
5945
9438
1319
1550
2929
4029
8450
7128
5701
8619
6635
2176
1350
7873
2827
7105
7686
7142
2765
3031
9838
7310
4572
6603
8769
9250
436
5313
2185
258
8113
1873
810
7277
6460
8759
5484
4284
1721
6519
3067
3662
3787
1932
1600
3919
4136
4608
7719
8581
9692
3142
1755
3614
9307
4393
8523
3214
2085
1992
4244
6312
9273
2676
2586
8630
3939
1538
5276
7646
5148
9783
5271
295
5856
1090
2938
5764
6250
5172
8225
8214
6743
9624
4284
6780
7344
3662
526
2690
2627
9831
5552
5845
4013
2292
2967
5710
3585
2777
5502
3850
6155
7796
5454
7961
8803
3205
1881
9746
9604
4713
7537
1460
9761
5444
1014
8495
5874
4116
2056
7822
1540
9961
517
4648
34
2966
1927
2141
2257
522
5140
1538
6700
4094
35
2509
621
1986
5728
6107
4161
6806
2271
5145
1622
8726
1312
9355
6619
8117
3675
5161
332
3672
4328
2417
4564
4598
7721
2950
3845
7973
8949
8257
3271
4865
8715
6193
1333
1299
2558
8996
9418
2680
7322
7499
2230
2750
330
8860
5833
683
9223
7667
2540
2406
2955
2754
4366
4746
6887
4571
9270
3491
7471
462
6887
8957
4475
7674
2992
5167
1232
6470
4401
1219
5869
8160
8523
5952
8998
5417
4300
9489
5824
4703
3734
7764
3150
3167
5733
8624
4242
4846
6486
588
7027
3511
3098
7872
3580
2019
9686
7767
1393
489
7669
8966
9371
8172
4470
1925
4030
6339
7338
4865
3881
2038
1518
1503
2446
5072
4487
9102
2887
3020
477
7936
9720
1673
1986
5769
5573
702
7529
3435
3465
6922
7312
119
7566
9984
1071
9417
7919
7845
4793
9799
7080
1850
5522
5536
9157
3789
5986
6705
4201
9747
3258
9361
3435
8118
8165
9463
3282
1601
4672
6662
8652
5542
950
6531
8477
7454
6356
2333
8940
5062
1044
9934
2388
2722
7410
1931
2379
8546
5114
9617
7846
7087
3875
3847
1839
4927
779
8426
2813
9004
1293
2095
8941
31
5735
7714
8405
5842
5388
9736
1150
2021
5001
3569
51
9642
879
2915
1988
2475
6290
3675
1766
8504
8408
5533
4377
3084
3502
4785
3554
3603
9603
4537
7098
7975
8351
834
1935
1819
260
5842
4386
1661
105
1661
3600
4005
1653
868
8643
2618
3462
2375
2185
8871
9963
3714
6278
2480
4543
3325
8175
2494
3844
8948
6672
866
5012
713
1932
3458
98
24
4267
5826
4329
7822
9845
3614
7491
8328
3782
9920
112
6867
3609
4466
8684
2843
8552
1914
6638
1486
2628
9184
289
444
1994
4104
1465
9833
9541
242
1056
6814
2194
5267
176
8318
8876
2676
8181
7990
9626
9234
9249
5960
8824
2973
1739
2528
7990
9089
7058
9363
6144
3583
7242
4297
8174
6995
2986
8327
4191
3057
6323
5898
5348
9640
4681
2077
4067
1804
5544
2704
9177
9317
3418
6116
8898
3482
3334
7533
7163
614
7602
9710
1237
2009
5040
5936
1104
2749
4384
3988
3590
4198
6116
2117
6691
7510
9410
677
2072
8020
3431
5477
6218
2835
4692
1456
3181
6491
4701
7779
4424
2008
4603
7935
3701
7184
6049
945
7458
8486
9998
2263
3728
7363
7686
5471
4967
6345
461
8357
2827
4749
7724
9470
5312
6358
4677
3755
9304
3903
4106
8342
3909
7691
8924
2104
2612
8238
4667
5066
4692
5228
3699
6257
8876
7660
5313
1115
4702
2521
8463
2008
9547
1825
6337
8004
1806
365
4508
2447
3178
9026
6847
9457
5533
993
5958
2939
328
708
7324
4195
1040
7907
8889
6731
1587
1601
311
9360
6202
1321
8574
1182
8731
5486
9216
4554
1826
9238
4853
4619
8997
6577
5249
6511
4993
4150
5632
3816
2487
6535
2480
4386
5521
5359
8502
2101
2694
7105
1021
5673
5554
6932
487
8084
157
8378
8336
2752
2280
1268
5912
5017
9234
2677
8674
52
3767
8302
2402
770
8008
4067
628
1849
7932
328
5003
8439
1313
3496
2820
679
4628
2449
8424
7576
6886
9552
7705
6384
857
8650
7415
6042
4646
4854
3511
5780
9115
3496
5257
2492
9093
8060
4291
2949
8855
9461
386
9477
4840
1506
8113
157
1073
9873
1138
7176
5260
4467
3363
9396
6028
7486
8623
7750
4269
2043
3181
4555
4078
8688
7715
326
1224
9674
8023
4210
9649
3316
6179
6598
8952
3272
6337
5043
8321
110
1915
7058
4901
4985
3378
5887
7044
7786
8329
7857
5422
4585
8139
2389
7478
1737
7827
8277
3164
6477
8409
2308
2458
6353
3441
8844
7607
2338
3961
1431
5585
2974
8570
54
8714
9378
7852
115
3938
3464
4856
1730
3703
4225
5867
455
3917
9409
8175
3003
6958
2441
4068
4080
204
6940
2761
2914
3047
3654
4484
569
7858
7185
3452
1651
2883
2321
8919
6491
7525
2341
6061
2398
2994
4118
881
5079
3780
7377
5872
3819
7931
7947
5646
6516
6593
7351
4259
3162
5792
3576
8439
8862
5916
367
3438
9992
6875
4898
741
9586
9400
6145
9329
541
5456
8822
4728
7743
3234
219
2562
2697
4692
9780
5824
6764
6111
3767
7589
1599
4645
9866
3386
7871
6315
9054
9938
5876
3438
4598
9514
4124
1940
508
1579
4500
1533
4303
5986
5089
4225
1422
4420
4264
9128
1132
9311
2126
4025
6275
1933
7890
6689
1693
3919
4314
1393
8683
8895
2759
8602
5315
3464
4987
8302
4971
9259
268
9948
7933
264
8910
4482
3376
2155
5804
6408
1603
2851
62
6383
8868
6007
9359
7289
9633
1663
64
9268
3599
779
6754
1675
7352
2849
7214
2427
2980
8349
1496
7708
8490
201
6159
7514
7379
1003
7258
4985
7195
5216
8189
16
9444
8054
986
92
5666
5275
2152
3841
7052
595
6629
5251
7416
9958
5997
9033
1887
4361
9493
99
6159
5471
8945
2611
3635
733
1222
6590
321
7210
4279
2534
9809
5854
5406
7026
3180
441
2764
4794
1200
7878
3808
5201
8621
9110
6688
3624
2951
2338
3221
689
2529
2776
4531
4846
1253
5647
2948
6237
9798
1670
6260
2331
5674
6715
2910
8298
6968
9880
9242
7588
7106
6694
2372
680
487
6657
4792
2482
1336
6854
9300
1328
598
5849
5339
5073
8251
4577
346
2220
848
3462
2216
8578
6659
7475
1447
2399
3231
3342
4085
3467
4738
5640
9058
4124
8942
981
5974
2671
6113
2014
2008
2146
4769
5457
8944
9924
1550
884
3981
6115
5102
9485
390
1232
6286
4505
6620
6100
9574
7607
4949
9458
2974
7845
3259
1247
6317
2497
6051
2036
260
1454
3275
1556
850
9395
8081
1818
6980
2464
7074
2779
596
8667
9177
1029
1987
3709
1691
4454
5011
6488
4644
8365
9595
969
7025
1050
1351
3649
999
9205
661
8342
2691
6250
6059
2492
639
8949
9276
1742
5503
352
1771
1970
7132
9485
5097
519
7576
794
9959
828
1138
8778
1289
7202
5062
5809
9191
8913
6951
3586
8104
5377
7501
1202
9016
6607
9663
5298
2079
5675
7801
251
9476
2386
2964
8899
860
9899
2848
6735
6244
8503
7555
5064
3651
3269
4732
1087
1387
4798
192
5367
7287
4789
2605
9669
9749
631
3355
622
7937
5751
5160
7179
965
4937
5539
2352
8425
6346
3737
2174
7097
4418
2175
7375
1180
421
6054
5723
5898
9842
7169
5519
6811
8340
561
3187
9694
484
5074
463
8304
7988
1425
9118
9900
6679
3880
3704
848
3887
4127
5288
7156
510
8434
1640
7286
4444
1700
1842
7086
4615
4481
5793
9185
7323
1583
1575
1689
9120
3334
6144
3539
2939
3099
7331
6347
6696
7165
7597
5090
6080
5561
2536
2463
5749
4924
9574
4280
5655
7004
4847
5724
1719
8884
8724
824
2561
3541
2930
9984
6523
1805
4766
2909
5684
9341
6362
6781
6107
4728
9456
2018
6015
7236
8658
470
6133
5395
8669
3382
8900
9951
3424
8986
5785
7292
7624
2048
4410
1960
3636
229
9708
9314
9216
4587
5836
1966
4038
4080
8058
6060
5484
6408
6312
6007
6674
32
4693
8752
2202
4718
3558
1185
9539
456
3479
6774
6590
7086
2756
23
8352
9486
2722
9845
8158
5651
7541
5446
1466
7531
7730
810
2669
6940
9124
6384
7889
1411
1493
9055
9227
7319
3540
4005
8439
122
3494
4555
497
4071
7017
8569
23
6218
6643
2537
6039
2087
9472
6908
3034
2825
2333
8780
8776
6200
6133
535
1884
6277
3625
5522
4584
9125
7286
4368
8654
4381
6558
8016
5005
5041
6142
6092
9872
299
9580
1686
3089
8786
4838
6137
6412
2061
1109
9929
2356
680
8556
8281
6526
7705
5214
2528
8891
6979
7768
885
1995
6034
5427
4695
6552
5945
8611
8744
7405
3006
6673
6743
5315
9546
1376
5572
2550
3744
5331
4375
2738
782
7136
7103
7960
175
7417
9601
8548
6633
2491
4825
3552
4287
4891
2287
2359
6633
2435
332
410
7023
94
2317
4510
7070
1355
310
5682
2785
8304
2388
33
809
2153
2136
614
9575
8420
1429
5736
2742
3490
111
1699
4757
1769
8642
427
864
5158
2320
4953
6441
9046
8172
8245
2968
1576
8103
3320
500
5363
4398
5132
8973
3413
6171
7197
3198
3441
7854
8419
8872
7329
3326
8090
9461
4914
1766
9539
6304
3853
3827
5385
6758
9763
9229
9874
7758
3371
9361
6259
4613
3876
990
9711
7393
256
9656
8699
9746
4732
3874
339
7490
5108
3706
7659
6828
5207
9823
9260
4523
5125
1630
4337
4875
5510
5564
8530
861
2603
7149
8575
9254
3241
2904
6223
2093
1554
697
4391
9323
1573
9645
1023
9973
2454
3145
8624
1690
5563
1131
9935
998
5111
160
2719
9103
6584
2411
9130
607
9666
7188
7626
4959
4886
1037
7905
3002
5709
5052
1825
3442
275
478
5776
6602
9528
6191
2482
5286
926
4165
2691
5113
9479
1508
9726
9156
313
159
2371
4229
9485
7856
4049
8669
2273
6443
8774
3958
653
6140
6835
5023
4183
6841
5686
6566
1020
51
4013
5260
8272
7558
9435
158
3428
5417
2831
6158
1056
4354
4731
7871
1518
186
1764
3734
894
332
3629
2703
3851
5033
3537
8389
3671
4356
7623
7960
6153
4587
1276
5666
6611
97
2858
3329
1688
9288
7791
2635
204
5698
8469
6580
9753
7870
7973
9907
8272
4070
8049
888
2300
460
4325
9273
6146
3805
4236
7784
8681
2317
5613
6960
6979
726
6428
5728
8520
8180
8641
2522
6177
49
1627
4308
2708
7252
3157
3351
3960
9178
8396
4066
2526
8807
9879
4812
6044
1124
3956
1945
6888
8416
1647
6006
2447
8546
4399
2364
7717
4805
7700
1160
4430
8421
8025
3917
3434
7337
1080
6630
9546
7336
1811
1700
587
4115
9157
3548
4834
7405
997
5256
3592
714
7282
6076
8117
2813
1803
2151
2603
9534
5568
5295
7445
6985
7269
7173
9514
9783
8786
8721
8646
378
6219
7158
2074
8083
9398
5433
1016
8896
5352
1437
6138
9699
3704
6844
1121
2940
4454
7910
6033
392
1125
3081
4738
7068
4742
4748
3059
8905
6602
5001
6908
294
325
7714
2107
65
6124
1823
120
7004
2796
3114
6406
8513
5378
4395
623
8496
8948
6370
394
3062
1533
4077
2857
5153
1609
6222
715
1675
8135
7256
2011
9233
3613
4548
5338
7071
3137
5479
4710
8288
4886
1818
806
2957
54
1216
7818
9206
2661
8163
7604
883
2235
9249
5379
2879
4819
79
3657
7720
272
3680
3667
9498
6353
2747
5951
3768
2521
571
4378
4468
8960
7988
279
1487
8758
6204
5933
4953
3751
7829
9111
4849
6956
967
2912
7043
7098
3710
7592
9324
3185
8870
3617
3548
9592
1304
7660
2479
4642
2673
5750
2416
8135
968
297
5213
5803
4659
224
5773
1158
3814
5896
3612
7700
3012
3098
9595
6957
3414
2757
1428
323
3830
5634
4000
5160
3118
3711
3183
8145
8768
2480
4162
1313
9009
865
7905
8780
8290
7981
1861
4603
8471
8470
3479
4756
566
608
7645
8687
4394
3922
1627
8418
5973
5523
3625
5668
4995
6881
3516
9958
7241
5258
6894
3175
9268
6516
5988
8561
5211
8523
3568
4585
8058
6876
8414
6691
220
7145
3456
2360
760
388
175
7486
9114
1120
5352
4509
7646
9479
8770
5289
7888
1800
2952
4184
7808
6317
8541
9300
9942
3203
1399
2390
2739
687
36
354
9971
1443
4449
3828
5529
5986
9981
819
3478
2291
2266
5856
5689
3343
1892
7629
1907
6858
9837
582
9599
3865
7303
8433
3409
5403
6018
80
6587
9010
7621
876
9223
9268
3202
4726
623
9080
6609
4993
5694
935
7608
4663
7648
9846
3487
8748
1906
2211
203
4397
8516
7290
6666
6677
2945
536
8244
502
7578
480
8103
1669
8784
3415
7447
2470
6872
2563
8281
9867
8797
981
4774
6668
5953
9888
1815
8700
1896
6672
1861
3433
7342
9251
3679
8028
2289
6047
9053
7282
7595
3266
6069
4425
870
3713
73
258
4009
3862
5875
8579
2231
8389
7319
8388
6943
3904
2793
5818
7296
6085
7780
1279
7764
6939
8050
9767
1586
1413
9574
4828
2429
5066
3765
9121
9103
7022
9127
7066
677
4933
2925
7547
1843
1152
8953
7120
858
1858
9994
6717
4932
3324
6082
7303
377
2077
2139
2453
7389
8142
1098
8329
1776
3110
1091
4010
8511
7231
7809
7656
4424
2263
5621
6474
9888
9294
3540
945
1849
3246
4647
6294
3034
8296
47
6656
4683
918
965
9929
2654
9772
5067
3756
9237
4160
5605
5630
5529
5262
4480
2567
1702
6873
2809
8341
5026
4867
5104
8725
7970
7094
5638
7725
1239
7937
8113
269
9087
4247
2203
9316
6745
1873
3082
7861
2322
4509
2521
8799
7996
9068
2652
8122
7873
4313
5992
9412
2326
1959
7822
100
1185
1962
9509
2469
592
6216
3872
4854
903
7380
6184
1019
5434
2047
6900
8175
2445
9981
4708
6617
5160
3633
996
6424
7202
4664
9329
9231
3260
6686
6030
5495
7359
5939
457
267
3543
4133
6071
2906
6350
165
5894
8723
896
9926
8434
3015
4927
5930
2693
463
7674
973
3340
5358
2862
2541
9635
624
5709
7196
4218
6115
6268
6645
336
9140
3948
9720
8618
2700
555
6981
6977
9394
1715
7174
9751
1474
8996
7244
4658
0
7597
133
8666
8588
6932
7086
6382
9699
3957
3669
7034
3945
1593
1233
8658
5390
7068
8037
571
8291
7549
6737
7732
3282
2878
7487
3079
3430
7785
8340
6441
3171
8395
7193
1115
5563
397
1975
1697
5843
8697
8314
9282
1754
919
6387
2589
3601
9574
1179
6150
9519
271
2874
9116
3914
5783
6589
798
9541
8334
3167
1538
6201
4939
5261
9980
1510
3148
5416
365
1728
7028
5376
5920
3089
5739
8320
6952
6637
9539
8270
4728
2001
564
3366
4739
8101
8229
2240
5447
1246
1588
5205
1100
3594
3508
4477
9716
7440
3984
147
9825
3303
2454
1125
2065
2281
1454
2779
4227
5646
6445
5467
835
7138
9180
715
872
5934
4425
4227
9719
765
2401
7466
3933
8138
1786
2013
9928
142
607
3435
173
9800
4886
3868
2989
4440
7367
5040
4548
55
1180
5956
4158
2111
5776
1956
6437
786
4985
4372
6465
1100
9531
2493
6502
901
8864
2073
5383
2189
9629
7084
4163
3734
641
3939
4121
5460
6692
9912
5707
7572
6037
9956
9538
9883
8915
8656
3017
9312
6928
6524
8691
6034
5642
2358
2927
1232
5238
5889
6001
1934
6565
7423
7204
898
2443
3706
1044
2012
6545
1736
3153
4188
4716
4718
6974
9197
6066
6913
4847
1447
3683
6567
9560
132
7306
8669
4983
6762
2811
1728
6858
3512
5838
5316
7360
369
9421
7567
9502
1554
7951
4380
9990
4173
2323
4521
1623
4580
3605
7354
8822
406
5080
2415
2392
8738
5000
2561
2102
3403
4893
4887
8188
6838
776
6157
5353
4504
7111
1950
5389
2319
5841
1248
6977
80
5371
679
3794
6337
6815
5139
4491
2689
7360
4012
661
7980
3107
4701
1375
5348
6199
7692
5380
7610
3616
9872
4561
8941
7455
5318
4760
3326
9051
5274
2533
2743
1779
1534
8955
555
9882
9960
4059
8073
3168
3336
8000
4765
9918
5290
7545
5071
2852
9503
8979
7305
5498
918
1018
2601
8801
8161
3825
4374
323
8920
2730
1277
871
2462
7731
9104
5903
6040
2389
9620
1555
4393
8195
6782
7627
4056
3013
3328
2378
6711
4689
3184
6470
8282
3414
7683
5905
3004
8950
6042
6308
4184
1297
3079
3378
5868
5901
9635
6877
2131
6999
3671
7979
3222
5192
2503
2339
262
7838
9155
3713
2738
3366
8286
5485
5484
3095
9670
9927
4400
6656
9691
7561
2593
9620
3824
1439
1190
4402
5578
3711
1520
8064
9848
4303
7894
3090
1178
4060
2701
9732
9871
7198
8035
1025
1435
404
575
4063
7326
8435
8935
3623
7463
8542
5205
6740
7473
8596
4896
9325
6145
6220
2021
8414
1056
8799
8509
6146
2841
6706
9695
4065
1076
4578
87
8838
7233
7994
6136
2979
2695
5400
5226
6685
2283
7621
2609
9356
6266
9800
486
1921
6332
3121
5982
3537
3480
6142
7201
8773
8307
8099
9101
3864
6649
9008
3410
3130
6064
3927
9280
9157
1103
1205
3922
2832
7855
7071
4926
1821
723
1407
8491
8593
6912
2042
283
1576
6587
7416
8132
5541
9169
9964
8305
9811
8753
5045
9550
5385
4095
2781
1652
4569
1158
2633
7701
9213
8665
3073
1808
6147
9647
1180
6474
904
4443
9513
6332
3330
3124
110
7499
1173
7806
7937
4225
245
7830
8657
7086
2243
3273
8042
9427
3842
4747
2878
1275
3130
9980
5713
2440
1999
122
8286
9027
5570
1262
974
72
2255
9120
8118
3528
553
7374
1556
3309
1159
2606
7214
1625
5498
1326
2101
3312
4260
7041
1537
1385
2044
7849
8985
5535
6702
7512
3302
7775
4465
5488
768
1974
4463
3886
1742
6475
8717
1814
4267
1538
6207
86
9496
5809
2104
1763
6256
8544
5763
6490
4616
6805
3570
9102
787
9339
5234
5465
8207
1375
4620
1022
2147
7042
8723
14
7690
8631
860
5846
3424
4424
6694
5556
5685
9310
4167
3875
710
4894
948
4827
4525
8338
5481
1350
2925
1629
230
5907
6391
5514
8221
7543
7267
4812
6459
3376
9077
4314
2333
4971
284
7008
1585
2585
7373
8829
8953
2734
4574
6662
5068
7064
81
8822
5704
2985
1111
9714
1983
9047
2645
2910
2610
516
7192
9348
1752
3125
5421
9877
8641
5472
12
3866
7499
3022
7557
8102
8883
9194
5864
2679
6031
1497
6508
3122
2325
3182
4962
433
8440
3376
3172
3313
286
1184
1891
9249
1339
1698
2651
3701
5448
4414
1680
9102
8713
6997
640
7893
1532
9889
1503
6309
4403
9702
5435
8137
3585
1893
8003
157
5206
5664
5575
3504
8904
6572
240
7644
4613
4812
3098
6201
8573
9642
8264
6353
7159
2924
2430
5999
9634
7234
7320
5446
3404
6536
4899
2796
7881
9857
7664
4789
5541
964
8869
7296
1276
9487
20
2192
3624
1463
5501
9822
3991
9783
6649
8786
2425
7494
144
7249
1079
9427
8049
2515
8914
136
9341
8060
3766
8589
5282
9761
362
2610
3471
5531
5368
8516
7921
5084
3078
3930
5007
9040
7833
4244
7623
9100
1757
5682
2403
3501
8912
447
7332
4473
9465
1924
9610
6921
9951
390
6100
38
8243
2217
1207
6085
4305
8028
9536
3043
337
7775
3165
363
6388
3216
5884
9526
55
743
9236
3646
1336
52
7717
2809
6248
6599
2961
4402
5300
8338
9266
116
5411
9680
5308
3863
6367
8173
9366
7322
5418
1839
7935
2329
6100
7668
32
1826
9878
4216
2077
3604
1708
3783
657
3541
3109
2144
3053
7558
8837
6294
7837
4022
5753
3178
411
803
4990
4883
819
3707
997
8244
3680
5508
3569
9352
2578
7291
1437
5916
3765
6330
8542
2962
6513
7220
6551
9823
9955
5474
9739
8901
8773
5315
810
9170
2560
5873
8766
9870
6207
2513
2405
2395
1170
2502
5551
801
9935
6746
2604
3945
8549
1808
5510
4694
4551
8928
5733
4179
140
9267
7342
1583
2944
7083
9781
2394
9204
5074
1445
629
6750
8589
7628
2976
7582
7944
8959
5329
2425
546
8905
4683
2082
7052
1438
1861
2943
8278
2471
3040
6488
2086
1136
544
5123
1949
9519
5873
9202
1435
1931
434
2574
1312
7310
1955
6499
8497
864
7032
4275
8578
3521
2791
1422
6109
310
3130
8769
9414
1234
7512
8284
9109
769
2771
3990
2064
4536
908
2813
5020
4285
8342
2710
4592
4750
4580
7910
2856
8488
787
3618
259
7292
1213
5035
57
1264
2948
8013
1012
9152
1983
1220
7548
6044
6030
2132
9111
6998
7085
1708
2922
7726
9190
5098
6871
5904
9378
8209
1748
9216
2251
2495
4538
8713
1172
2793
7006
8597
1544
5567
6278
6009
4124
7396
6645
6921
8871
6042
4305
6727
2266
8961
9265
6626
3597
6581
1122
9385
8161
199
7930
583
7863
6851
9895
3934
2175
5974
2095
1760
4926
5229
2951
4243
4885
5315
7672
3515
623
6120
8391
1204
2600
9054
5206
517
7964
2909
4847
6460
6020
3087
6191
285
4845
6539
4343
6763
2009
7262
7497
5362
4885
9702
3299
8952
8498
9888
3934
6100
1397
6670
1648
5563
2513
7873
8932
4083
4472
8741
81
1054
1329
2488
3351
6172
1197
5317
5423
8663
6741
749
2414
9167
8994
596
4124
7889
2477
2433
767
5103
2086
5904
3883
2597
4715
2713
5661
7169
1083
7640
3392
9748
5740
421
8261
6250
5703
850
210
8755
722
1930
3080
8095
606
8428
6757
1462
7617
673
5538
1109
4363
5941
4435
2753
194
2274
7643
4772
1542
2074
5876
1779
4189
5313
1804
8682
7927
4709
5309
3814
6580
7709
2761
2224
8856
2621
7061
2737
7993
8738
7644
4859
683
2804
2177
4136
8223
6662
4160
7047
5373
3420
3161
9040
4893
1996
6894
1788
8215
2371
6856
8273
5230
6395
1753
6786
8658
1503
5431
7434
962
7163
8517
7251
4282
6424
5509
2506
6353
7388
1522
9307
7883
1959
5409
6081
9350
1711
8476
4042
7692
3220
519
4221
5862
7705
7385
2172
710
2309
6792
3933
7164
2890
1615
9337
9177
637
2365
1280
419
7373
3075
2018
160
6880
7309
108
2339
2101
3526
4076
8268
546
1497
1401
5953
2758
4015
3926
1491
1181
600
3266
517
9269
2431
2328
168
3187
210
1531
4536
940
9192
803
9072
6277
8085
982
1919
7219
1052
678
2631
1545
4521
7217
1257
4084
3033
2751
3260
3166
844
9124
8223
6053
8488
7590
2833
5723
6040
1988
1099
3821
7280
6444
7270
7151
1490
1223
9433
7523
2092
2792
4251
7318
3851
6724
5812
5618
2862
4505
4057
2219
6044
7853
763
9404
9341
6644
3535
3799
6381
9036
787
3154
1776
4877
3185
5410
5809
6004
9504
9875
9717
9519
7381
2876
3280
2637
1935
2699
8955
202
7705
1198
9249
8456
1902
1889
6576
1170
9414
6878
7293
6718
2558
7482
4148
7193
1030
5865
3858
3156
35
7548
9028
114
7054
7131
6133
5325
226
2074
3794
6013
3807
1872
8041
2592
8684
2481
3809
3001
8396
8328
4364
6732
3651
6756
2896
9643
798
2237
2985
3167
2211
216
7157
3992
9083
2906
5265
2815
9565
1897
6897
3264
7748
4911
4534
4576
1434
6559
6688
4130
9184
5423
2715
8431
9589
2330
3552
3630
8265
7152
5068
9179
500
3964
3268
720
64
6928
3062
789
7115
1726
4808
8440
693
9896
5372
1379
3761
5910
2893
6702
1265
9342
6999
8826
4174
6969
8677
5716
4987
2141
6517
6993
2649
1279
8557
25
7374
9830
1441
2585
8318
2528
1107
3178
9589
5311
1730
2630
2552
8726
2135
3022
4906
5174
1399
2584
9489
4839
7865
7619
8302
7642
8273
5064
9687
1057
6250
1788
9171
6152
1853
9198
6899
6674
6403
4276
7164
8548
9315
611
7977
9605
6155
5549
1155
1910
9630
2028
5900
1518
7740
6212
1328
3001
5809
4504
5925
8600
1604
6046
4393
4340
5277
9280
4863
7943
8335
3684
1929
5904
8365
265
3487
9551
8727
6900
1843
2450
4937
7138
2053
3985
1959
3525
2966
6467
9128
9082
8953
5616
1908
2994
2762
6746
2224
9138
2498
1518
1576
8512
8174
2583
3650
9185
5815
5977
5655
9846
9581
3600
97
5547
4874
628
1210
6745
7898
5199
2766
5221
9645
218
6482
2983
4780
9629
2737
2735
8371
3990
7827
1023
5970
2695
4469
7627
4973
2698
4775
7316
7761
6071
7419
2549
9574
1241
3209
8215
6585
5258
5788
2004
2155
6926
6677
6518
1728
3154
6391
1692
9332
3356
5825
8638
1172
9256
4656
8497
4256
9938
5954
2395
556
4480
8743
1092
9641
7024
2708
5432
5272
1615
1791
1166
3918
6668
5877
4263
5671
1392
2290
5284
512
9019
1333
3934
5413
4190
2572
7362
241
4327
1090
8323
2922
7353
5439
1779
6848
582
1487
1053
5984
8145
8906
7102
5651
6776
9494
7036
9456
2320
9071
444
5321
1789
7148
4644
6109
8325
1112
2443
2784
8901
4113
8498
594
7120
8409
2872
1246
5929
8359
2887
6527
7630
9791
6861
1352
989
4974
5814
6707
7822
4901
1760
5454
3881
3099
3658
6459
1395
7701
4618
5024
3102
983
6473
90
116
8087
286
1170
8484
9166
3904
489
1759
1637
148
8298
9452
1794
1727
1835
3686
7480
1478
885
8916
6045
9021
5438
2044
4298
7421
3380
2778
9691
5959
8708
6586
4438
7595
3234
5070
6784
2226
7239
1126
6167
9325
7052
8717
1460
6063
26
9611
4039
9498
9869
1924
9875
3935
7808
7817
7388
7041
7554
184
263
820
4529
678
6957
6028
2335
3920
1119
1134
1927
5232
9635
9412
1454
1742
7512
268
7253
9197
1337
3378
8944
9337
5511
6758
4109
5169
7992
2325
527
3980
4750
5080
6412
447
4670
4471
1650
4670
9108
9064
5484
2483
2826
8082
8628
7890
5520
5940
267
9953
5668
8332
2926
8998
907
1005
664
9460
1661
4777
8564
9235
7241
2916
4002
7857
6138
9465
2638
8365
4720
9608
4623
193
1055
5667
8976
2932
3085
4836
6600
3295
2857
7229
4917
152
1047
5346
9574
4957
8475
8554
1208
7421
3850
8663
7720
8773
9449
5209
5038
7454
8954
1515
1838
4582
4170
5153
6185
9044
9839
8870
4568
4542
8258
595
6295
3452
7945
3608
8725
4831
3049
472
1286
6418
2728
6813
8773
2971
2224
3556
6873
5793
9841
8691
5405
775
6551
2184
7221
4809
7446
110
3264
2923
6757
6613
6724
959
649
4775
1783
1163
4526
3
4905
511
4052
2013
9145
4131
1615
4017
4444
8646
2443
196
9378
2804
7106
5059
2332
5217
9603
783
2567
1571
2773
1122
4147
6137
5236
2986
8195
4936
6581
9273
1453
394
34
9066
1606
9839
4305
3759
2336
2680
8855
248
3597
3607
9276
4734
5048
1661
2033
3268
3134
7526
254
7616
4786
3859
4816
7536
3188
6043
7423
3068
3600
3164
4916
2931
9702
1589
6510
7605
3413
5971
8200
8221
3680
5029
1036
4821
2177
1945
2497
105
6405
1733
2682
7246
3150
402
9528
2877
7773
3280
9788
8828
7297
2326
4970
8725
7764
4780
3975
8035
8822
8000
6635
8645
1027
7820
4887
1589
3812
276
781
3987
4599
9046
3066
8820
2023
3451
6545
8618
8740
4353
946
6647
1776
7790
8502
1720
903
8716
1976
5182
7989
9655
7347
1207
2820
1638
7865
3962
3326
7267
8707
7764
718
8222
3950
8802
2474
2097
70
9522
8661
5870
2698
9281
9551
5875
5847
7344
5011
6611
5324
6840
8625
3228
555
747
2020
5046
1535
3520
7372
9939
125
4444
8546
1926
7407
1311
3854
6836
1335
5512
5890
3348
1375
2136
6416
9304
9371
1183
6762
5581
8356
8457
6718
2420
3508
7267
7373
5514
1997
4502
5887
1718
918
7189
2647
6731
5044
8124
3791
9570
8608
1662
4560
1211
7840
3280
1446
7205
3474
8976
3611
6651
4944
3136
6540
2338
487
5919
3403
9416
9877
3799
2086
2438
9001
9318
8365
3111
7997
8672
8199
3611
7185
8207
4589
2786
7488
3432
7000
5115
4585
6622
3793
4751
8490
1638
644
9493
2805
7017
417
2035
337
963
2467
8336
4317
4307
1829
5453
6932
45
1269
3673
9392
537
1672
309
245
5970
8716
4976
1163
174
6327
8718
1927
2380
9863
1804
8805
6027
4502
7559
3067
8198
6809
2060
8843
5787
9945
2044
2050
6987
5478
5878
4591
9196
7288
4921
566
6930
5513
5137
3702
5841
1011
1295
7721
1435
3312
8597
3862
3573
7527
9083
2289
366
8174
2659
6588
7545
403
5082
3080
1899
1579
7754
9170
9886
8697
6669
7440
5000
9593
352
4725
9990
8424
9131
7866
2532
8388
602
381
5435
7142
8608
6757
4987
2901
5592
3589
3527
1674
667
9285
4839
8611
8235
6552
3466
8940
4509
4387
1527
6437
1782
8785
9142
9927
2782
3890
7056
767
9957
7801
2549
6779
7040
9757
2234
615
2723
7917
7832
3008
8810
9456
3521
3891
7662
7189
5951
6837
6299
9456
514
4808
6994
2468
9977
7664
6708
6851
4050
4410
206
2589
1009
5651
4192
9104
4938
4219
2322
9673
4717
4440
3425
1917
3314
3018
7783
8566
8510
6994
8806
5230
8620
6753
9961
4393
9328
4557
9279
7339
211
1555
6299
8246
2062
8751
8785
7146
8587
9898
9065
990
8595
6783
2333
4524
7245
9874
1749
5197
7471
9793
7703
8821
5160
7596
1064
5206
4187
4311
2768
5475
9894
2724
4591
5302
2114
6854
8443
761
1324
7119
4036
6031
4034
1633
7261
4664
5995
6619
4120
8631
4316
1401
7568
1875
2105
5944
7088
7586
1701
1413
3355
910
5109
6719
2845
1319
2725
6517
9699
1359
3947
8630
4723
992
5761
1366
3842
9254
7904
3698
862
7443
5686
3766
1888
566
4084
3687
1224
6246
9174
1130
1128
2829
5523
625
231
892
615
77
7992
4882
9914
459
5022
4099
8657
9141
1617
4742
8965
9834
9347
7245
3376
4614
3052
5601
8379
5994
3073
7927
4065
9510
79
9945
8458
9806
7322
5645
7655
5654
7665
1802
5336
1918
5234
5609
7760
8897
4031
7110
2832
2034
8353
675
4337
7457
2359
2219
4932
1315
8638
1401
3990
3384
8108
505
8895
7908
6100
4233
877
7147
1969
7122
8981
5597
2067
7811
8263
5353
8437
1869
810
5583
8063
7406
679
1584
12
188
6339
1383
329
7474
6721
361
7019
2286
9468
6859
9953
2345
2467
4238
3061
378
2275
7370
8634
5026
5517
4012
6094
4061
1864
4051
69
4140
9665
2067
5122
3810
7851
1211
6965
8981
188
8835
2524
2596
470
6868
3674
2698
9767
2390
2005
5635
9297
6390
4457
3604
5029
1158
2166
8261
2613
9286
7368
4612
3716
9761
5705
1915
7380
9095
3769
789
2474
7980
4243
8274
9848
6424
3464
5043
5276
2846
8770
1492
6785
5094
5461
1929
2462
3853
5724
8573
7333
1419
4362
9587
408
1298
8683
7867
5488
6609
2370
9796
1820
7749
5697
5692
3206
2299
6927
6160
6648
2632
2232
1076
4132
9196
3980
414
3634
9943
9745
8634
7957
8862
6861
6862
2476
9096
9886
9561
5399
8612
804
4932
6624
8880
4319
751
3805
9546
3078
9861
6696
4553
172
2048
3388
7696
8753
1503
4521
8056
1114
1612
4074
8308
2081
1264
7809
1351
4048
9421
2989
3241
3513
7157
5440
2889
1444
8885
2563
1497
2334
6991
3387
7198
9279
6598
9258
2872
4923
9675
1255
7599
619
206
2927
4731
8642
4653
9451
2041
4812
4405
6793
1916
1346
9464
6976
2075
2316
5059
8051
9769
6521
5424
9844
4936
5148
1450
9105
284
4045
1435
123
8761
2957
6646
9420
1388
6574
5918
5606
927
4723
6000
8000
9339
1558
6875
100
9518
6083
3768
6499
4257
8869
65
4348
7917
2279
7856
2947
8775
4074
5323
7570
2512
6730
2694
6108
9814
7311
983
9630
3547
5238
227
458
3491
7808
6445
3832
9079
5802
9040
1793
3139
4017
2853
335
2071
4079
1603
3458
466
9375
1909
195
606
4448
9642
3205
9829
3693
2799
40
1226
6714
7634
668
5635
165
7259
7352
5401
8434
4432
5474
2873
8007
2756
6397
9112
2861
3005
5970
762
719
3794
4756
5573
2523
8314
8582
9531
9967
1350
504
1066
8419
3305
7790
317
5102
435
9995
3906
4846
3035
6740
8200
8291
5773
6283
6534
9845
6910
8469
8349
5281
5610
8166
730
1278
9065
7764
5300
1786
3653
9851
5951
8526
6853
3639
5363
5498
9121
1251
800
9813
7469
2446
2141
3723
4935
8898
7612
5157
2698
1599
5192
6645
4023
7492
170
4940
1782
3934
1800
6209
3753
2063
4548
4113
2420
2687
1878
639
8497
767
3069
2016
9886
7102
5998
4567
305
8304
1401
7828
4277
8659
6540
4799
7726
9961
8772
1643
5883
7930
1973
1703
2729
6280
1302
1166
8684
2061
4253
6218
5772
8347
8479
4041
1971
2875
9355
2490
8977
3718
2741
5797
90
5605
922
6139
7446
2955
2192
3425
317
8247
7043
8138
8690
6797
6444
4575
8851
1544
157
4332
188
3951
5581
2380
4936
9587
77
569
5074
9514
2249
5908
3108
1049
148
3466
5940
4011
6870
6234
3563
1037
6516
6794
6775
3066
5981
8139
659
3578
540
3487
3020
7695
3703
7434
9529
4719
4311
3285
9753
5221
6326
3913
835
6259
9309
5989
7998
823
26
9922
3634
107
8179
353
9158
9696
1706
4560
6376
3259
9635
8593
7572
9850
2957
3507
6026
3405
6483
6524
1202
5527
7153
4467
5306
5160
6778
9321
440
1241
9663
8246
8072
6920
8100
2908
5040
6450
1189
5450
2805
8339
4955
968
9178
846
4235
8812
4235
8437
9302
7580
4638
273
2693
1135
3087
4334
4210
5482
2116
3273
4563
8872
3950
596
628
9954
655
8250
7784
1325
1276
9227
7294
8334
5207
1267
9210
5465
3497
264
3759
5154
2312
4459
6690
6385
5276
3016
6539
2899
3909
5081
4290
3372
7876
7912
8394
8395
9270
5173
626
1607
7652
8988
730
4822
5056
1854
338
9492
2682
6989
9125
9352
3504
8239
8669
1593
7502
3100
1983
6404
8734
4984
9190
7221
5983
3299
2310
6540
1180
2451
4631
4625
2329
3345
2619
968
155
3504
854
822
192
4374
2952
1685
4527
6925
3936
7042
9923
9135
2039
7237
1534
1457
389
9804
3941
8847
1569
4104
3714
474
495
7615
231
674
3599
3713
3964
7271
4776
3293
3960
5834
1074
5074
8725
984
3579
1920
7232
8329
1485
3044
9288
3132
9796
4411
6949
4300
3645
2210
1231
4787
4697
6717
815
2009
7590
6406
1976
4364
6902
4648
1452
2443
7606
3842
6471
6040
4467
4321
8650
542
8383
7874
1001
8797
99
8237
9736
7060
4294
3386
5121
6093
9496
6979
8069
1042
1793
8801
1713
6149
2813
6534
9663
2929
4943
3721
5172
2873
9250
1246
7933
8292
4074
2187
7713
7397
4770
2386
6564
2183
7553
1565
3805
250
2933
2355
512
4117
6690
7060
2730
4150
8869
4509
5119
3680
3765
1848
9266
7419
6360
8601
3363
6756
3181
2846
2494
8030
8059
1864
1227
2384
5740
2089
2737
8272
8830
5706
1196
238
6045
3749
6613
43
2212
8033
3881
8736
3029
6768
220
771
8
1201
7758
3762
3608
3121
446
9954
5000
5588
7047
8031
9454
1704
4401
6329
6791
8797
7702
1064
6902
7842
6979
5664
767
474
1536
9795
9975
8430
6535
9178
189
2764
8465
9799
6539
2690
8700
2583
1407
6379
6880
7153
7575
8564
8313
5749
2199
2301
2142
910
9587
4719
9475
3004
3238
9108
3206
6211
126
8189
3741
4045
2679
5916
7362
8009
6442
7634
6421
5483
3876
962
3112
5429
7267
2227
1017
3015
6222
5797
1161
6747
7708
6165
1782
4210
9111
5113
3543
4996
7282
8810
4401
1932
9033
2190
860
4193
1065
443
4804
8383
9783
9973
7662
6201
3971
3659
6094
9766
5804
7771
5936
8204
8152
373
3610
1585
8654
3577
6730
815
3528
4460
8109
4558
6589
2023
9899
6805
1436
12
7075
1162
7286
7951
1978
461
1412
5233
4151
2798
3676
5612
2171
7563
1090
1941
6701
7590
2914
3492
6482
5992
9229
714
1489
8796
8466
4760
9953
6959
1866
1643
8491
3858
5324
3342
7040
6862
1597
725
2829
4063
8346
5620
106
9766
9972
1874
4827
4839
3723
7759
6045
506
3030
4554
8196
6677
3564
8652
1024
8422
9946
7043
6342
6666
3618
8498
3360
1711
4811
5322
6801
668
4105
2998
4510
2408
1531
7582
3795
6106
3690
3182
8196
1993
1861
4366
8919
5386
6565
856
7648
7619
6550
4326
9948
9937
2669
9678
981
8971
9623
5612
7768
4879
1026
1856
4683
5742
5780
2883
1439
4319
6209
472
5243
5743
929
9946
1376
7266
7931
7434
8891
3631
5831
8013
659
4175
3761
7046
9477
262
2881
9593
4464
4116
4961
5210
4458
2678
6014
8000
7626
2562
5452
4249
9025
4706
3724
2492
316
9816
3906
3357
8350
8194
5224
9030
1858
46
8958
4674
7952
4861
9718
6668
2656
955
7545
4983
2196
8780
8808
9563
4254
4077
6376
3035
915
9486
2018
4611
7521
5691
6516
2500
4154
5703
5446
4710
8960
8367
1104
539
5044
9699
3545
7646
5140
3131
6194
2004
793
2270
4020
607
5253
2261
4715
9262
1813
8343
5863
315
1803
2702
3566
7646
8963
3206
495
8791
9410
114
3828
6525
8919
9365
6054
4743
1743
3532
4105
6008
7674
4025
4789
575
6584
666
6987
9266
2153
7193
3592
5023
9005
3817
8644
481
9968
410
7650
1420
2682
6418
1536
8420
7278
6105
7220
1581
9325
204
256
5636
4795
7580
7533
5315
6238
3004
491
3290
1901
9610
1821
5560
2003
7159
1120
1602
8891
9676
7471
9148
286
8568
9419
5922
7350
9819
5299
3188
1777
6349
9406
8437
8646
9125
1954
7082
4239
3139
3307
5483
550
6823
5447
157
701
6009
6143
508
1986
6023
3800
4931
5760
8007
3445
2633
5896
8065
6827
5998
19
325
2097
863
244
7506
1034
4536
2641
5095
4295
3901
7129
7718
7646
8452
2038
8803
4645
5606
38
7125
3760
8136
4674
6336
368
6061
9210
6057
6624
7851
2005
5647
4650
8275
5141
4225
1037
2745
5530
3049
3099
505
197
8836
9877
1488
9981
9133
3338
4211
8363
3314
7754
4531
4630
5311
7720
7621
3116
6663
7787
7995
2719
985
9169
4939
3419
3442
1506
3183
9023
1336
141
1164
7842
4375
1880
1715
5532
5748
4716
2540
6808
7576
9468
6293
5259
6846
3816
2634
2968
411
1698
7082
4176
166
3538
4028
9690
1973
5269
3728
1267
4448
6626
5650
7685
6190
1677
2990
6720
2553
7055
5721
9753
5555
5869
2005
8226
3009
7750
327
3653
5482
8019
7173
5422
2173
1423
7620
3098
9287
8432
8667
2443
7031
4541
7646
6879
3790
5570
575
8607
8610
4411
7784
6107
5550
7203
6656
7226
6025
9400
3834
9589
7716
4692
1731
2537
1146
2271
6702
7320
7514
383
8692
4761
3888
6652
4736
2107
4343
8142
1138
3288
8135
6621
1669
9311
8516
7002
1642
7985
8277
9423
194
4725
607
7942
5630
8628
6380
1311
1164
562
1436
3793
901
2463
9981
6509
8416
9583
2672
2259
2755
9888
503
9304
9220
7338
8067
2073
4763
8261
2302
9259
354
2541
5307
2275
5148
3837
2327
9551
9803
5562
8495
4612
8799
1823
424
8442
4082
5054
1257
9067
4907
4561
245
3861
1187
2691
470
2510
228
7843
794
1128
9167
6048
622
478
7968
5335
8596
3783
325
9590
8786
2073
2296
1144
490
7560
1042
3796
231
7994
8481
496
7045
7473
7227
2406
4650
1686
8650
8550
6603
8031
5389
7790
3016
3618
3182
7324
9950
6578
9338
4445
5062
8688
7711
762
5607
9757
2507
618
7388
6747
5770
7911
5746
3103
5904
8047
2188
6253
7050
4234
2737
3753
1687
9839
6610
1045
1285
1039
6311
6290
2359
6460
2733
253
7766
3045
1360
1707
5593
9859
8175
1318
476
4056
6348
9494
4688
5714
7320
6147
8855
777
2357
2857
4632
3802
3179
390
4182
4746
2756
7054
3810
6498
9863
5844
1590
2390
3490
864
1327
5391
5696
5977
7704
3211
4005
1172
9953
6034
6941
4585
3896
6094
8784
688
4700
815
2155
7564
5181
3740
9516
8785
7022
9953
7174
7817
4721
5227
7895
5463
4638
615
713
3278
3966
6689
9029
8442
6982
4167
599
8065
8414
129
5492
3373
6275
1546
628
6761
8998
351
1983
7180
4228
6750
8043
1811
9099
17
627
4523
4363
8464
1641
4052
7181
2834
6888
7393
9963
9805
501
6366
5053
4859
6113
7820
7647
6193
3342
455
1756
3936
701
3717
6570
1347
8505
6746
3074
7251
7896
7843
3244
1404
4554
7417
6675
7019
8204
9894
1990
7170
1508
2548
2865
4291
4434
1719
1012
4487
2699
9402
981
886
1373
5656
4096
2731
7250
4823
1400
9453
6069
6001
7931
1430
3181
767
3178
1652
8758
3595
5065
5016
1139
2952
7307
4464
4401
3540
2473
5690
8755
2637
5608
4623
4856
6038
5759
4422
5623
1523
5238
1177
1667
359
8980
70
8907
9781
8827
6170
9486
1926
94
6627
9568
7202
244
3449
113
2534
2037
8593
9224
7481
5979
5601
7165
3685
9420
4470
7629
5611
2155
9010
1369
3060
851
8381
774
8416
7168
7040
6481
4102
6891
9820
9627
8202
9946
1345
5827
8734
3621
1522
9477
9531
3839
1302
9471
3200
1845
5457
9925
9131
6124
1567
2010
7026
1914
6953
5481
8914
3148
7763
992
5115
4175
6942
6801
2136
1090
287
5955
2955
5043
2330
2539
2669
2342
6242
8100
4967
8706
4496
1827
7408
7525
9497
581
5964
4441
5907
7381
1795
3126
8870
9423
5740
9571
4871
9236
8471
4758
4438
5067
6793
8033
8406
9093
9056
6047
1969
4536
5153
4583
3231
5306
9051
3144
5480
4228
4358
4614
4895
8486
5862
4862
7923
3336
2535
9612
5019
7729
9956
8439
9993
7889
2623
8224
6665
7476
9136
919
7059
5418
5704
2960
7838
4990
5947
6173
4225
256
7476
2520
3101
8460
8198
7527
9515
9449
7837
9736
3325
5738
2618
6028
5178
9301
3604
5154
3559
3686
1633
4331
7122
2542
4349
6230
9024
8163
3267
6210
2476
6125
1367
2150
9239
4629
4169
1694
5272
9635
9764
4287
263
9373
5770
7827
250
4341
3675
2272
5065
1371
3552
5061
4798
2860
4596
5688
2027
4765
9460
9261
9006
9449
2860
1404
1555
1970
7421
9345
3849
924
2218
6517
835
7404
2001
544
7500
8204
7556
6927
6697
1840
181
3293
9760
8479
5738
1540
6615
7393
6260
7736
4618
8001
9568
2089
7826
3120
9881
3867
933
5502
4878
8582
4577
1254
7185
7293
1246
6241
750
381
3497
4056
5087
617
8709
6665
2846
2896
7090
1299
8679
451
2148
9710
9881
9914
5360
8371
1758
55
9244
713
3209
1545
5555
5005
476
7594
7840
3956
9538
7796
38
4640
120
31
5381
9838
6773
7772
2283
4392
5013
2631
6464
2661
2974
4499
998
5669
1542
4107
8530
9054
8453
5376
2367
5394
4309
7374
5665
7015
987
8244
427
7867
5410
5936
539
5574
4153
3089
5558
7238
6837
5906
4464
5094
8801
9368
1109
620
6004
3631
5573
8181
7636
8950
8141
1814
4401
8964
5134
1234
2939
4702
8299
5669
9370
4144
1982
6607
7403
4679
4808
3057
9009
8310
5076
5407
8099
1950
1596
6484
197
7639
4185
906
3565
51
536
6315
9749
1105
8693
2591
4024
4055
6822
7636
8692
1869
4537
827
4720
7274
2460
7728
9666
4287
9262
2152
2384
3582
7893
4177
7455
6549
5209
5195
4827
5365
1745
3602
2633
8942
817
7216
3648
7091
8695
1012
8351
7733
62
1279
81
4518
5469
9784
229
4684
14
4041
3956
9509
4963
2273
9391
2187
6521
4172
5790
487
8490
1038
8613
4026
8015
1397
2000
8507
6149
698
1602
1764
7449
6164
3247
8956
5324
416
5399
6756
2355
9938
5895
8877
7303
7001
5904
7783
3026
6118
6606
9918
2023
8640
6531
4314
8825
1579
52
6905
945
9252
9983
5397
2619
8842
9757
2044
8045
3470
3157
4165
3339
8867
2060
4744
8940
2247
5170
7975
6662
4468
3205
7065
8131
9084
8508
4172
3817
4361
9555
4794
4375
6887
3311
1472
8525
7826
935
4142
4181
5449
4768
6976
2053
5
7096
4071
3432
9551
3648
8807
6396
7816
7300
4242
7129
7699
9950
4368
5593
6501
3041
8588
7264
1473
9686
4236
5151
6787
3884
4515
8815
5511
4775
1664
9612
2687
6424
7725
3869
8113
6077
7728
8230
9910
6385
2667
3865
2474
9542
2081
8785
4911
3826
8608
9967
8537
5488
9342
9512
4553
1487
1336
1560
5472
1005
1109
9165
6404
6251
481
2872
4787
5480
3596
5193
9655
3735
2466
7717
4052
9250
891
57
6660
6004
9082
2370
1260
5380
3849
5656
5105
2410
1684
6559
9803
4565
4596
5892
804
3562
1019
2592
4082
3158
6671
7349
1112
8406
2672
2595
5732
4322
789
8104
8973
4452
8144
3891
481
2304
6223
4659
7584
1102
1545
2489
5633
9844
7816
7003
5689
6124
1926
4713
8166
8696
8624
1790
3500
5237
1223
6941
3469
3286
8170
3652
9233
4828
7832
3479
4696
7484
6335
4632
6285
7789
5809
2557
2744
4510
2870
1740
1021
2486
9695
450
6861
9959
2529
2641
1190
4846
4963
3727
5877
7954
5835
9459
4977
3571
4094
9614
55
427
5465
713
661
8482
8275
4499
3577
9515
8261
1377
6913
1979
4725
549
7648
3091
2867
1059
3715
3633
9643
456
4222
3417
2992
314
3899
7903
6781
308
365
8919
6296
5076
5319
4971
1645
586
3229
9091
8900
9217
3640
4712
1321
5286
5661
2522
5526
5230
5759
3780
9919
9163
2431
8048
5255
3037
3849
5824
9652
3103
7091
9029
2918
6923
23
4829
7531
7618
9452
752
6104
598
1628
1579
7696
4471
3692
960
7799
373
7166
3249
9356
6416
7083
3500
4644
6478
2835
6117
371
5074
9352
5105
829
2488
9695
1408
6449
6927
2655
5293
7597
2884
1464
4253
5966
7442
2189
9395
8386
8739
2935
5784
422
3310
7416
4710
9586
1522
9018
8347
511
2825
3924
9779
6932
5036
4411
3843
7820
4376
5904
6788
7509
5475
3887
5188
2156
3070
9257
7098
7394
9607
3219
910
4494
5475
5323
9893
4914
1081
719
2860
5547
2493
5240
3961
9535
4865
9404
7050
9975
360
4919
2596
6375
9801
9796
7621
6198
9758
655
1621
6334
9290
3331
3934
1852
3070
5354
547
1866
100
6411
781
4865
9747
5388
6846
8355
9301
5064
1725
147
9803
8079
3354
1137
9321
243
5570
1926
5439
9802
8799
8127
1132
3739
5944
1687
787
4714
1452
8088
5557
4728
4019
1752
9784
4113
5908
4514
2705
6937
4348
4480
2162
6417
2983
5144
9528
6438
3832
7084
7577
7768
2745
7096
5507
65
3808
2091
7848
3265
668
7631
6458
4456
5263
3406
7335
8817
6902
539
6466
5724
7178
8019
1426
3624
8683
8150
7945
9748
7988
3322
3168
3285
5858
8972
9822
3090
176
66
8008
3526
9535
953
3842
4540
7983
929
6661
4556
3865
364
9006
7284
8255
4719
6114
6046
937
6316
4127
1694
4398
6195
8740
2737
8814
894
8513
8750
3479
1519
9549
672
2678
4918
780
4081
6432
9330
1556
4044
9115
9331
5778
2630
1401
7440
9276
2685
3507
2210
9658
3955
206
5164
351
167
571
1405
3050
8138
7932
1263
5290
2532
8001
2797
2372
2334
5642
7522
5343
7651
3252
4186
9266
7935
6220
7949
8495
5201
3440
4805
8157
8366
3334
3597
3591
7271
8370
455
1931
7503
3526
3017
2577
9595
6687
4265
5751
8712
1427
8327
877
3404
5156
3082
8986
4523
8096
6917
5883
7909
1060
9481
5271
6918
2488
8769
3579
3405
7732
9400
689
8249
6038
9407
3289
5003
3205
5406
82
2786
383
8473
545
6984
1989
5579
1484
8880
8196
3925
8084
7780
9975
8022
8679
1757
7153
1860
4969
5579
2459
1003
1884
6938
7024
1966
3836
4557
5301
8709
6558
4279
9887
8593
6265
1731
9194
2642
338
2643
3465
7456
6274
4442
7072
8623
8093
5187
7597
7956
1943
8459
4636
9431
5111
5287
3821
1131
5159
6711
4006
3069
8408
3075
8096
3227
9485
8638
496
6643
6157
2609
6633
4903
6160
179
2523
5880
5254
9669
4868
6051
8217
4369
4627
261
6995
170
9549
6246
2730
2578
3628
3787
887
9209
3949
821
1186
6358
7900
1360
6582
730
6208
2563
7980
9931
9778
798
3936
7818
797
9044
7036
3288
1079
474
1191
3618
3108
5564
6554
5926
1760
2571
1285
2877
7168
3726
1880
1198
1694
1977
6284
4113
6482
5640
6503
1294
5568
789
9942
2406
7994
3740
1177
2852
918
8456
8387
2816
9178
6240
1164
3181
9275
7536
8921
4429
8254
8203
1608
7120
444
5085
6965
5024
7527
8243
1030
4522
9908
9670
1110
6361
9852
850
2949
8351
9354
4002
6301
107
8223
4337
5628
3421
326
3201
5148
4372
8490
4414
9946
5746
1001
8681
7361
882
5196
3390
5392
2523
6092
7663
7305
2769
544
4994
4191
2735
9877
8311
9682
2989
6486
4826
3542
8386
2349
493
3348
3368
9939
6433
5997
6351
8495
2168
3237
4265
1123
3003
7953
862
696
1399
425
4870
5025
4694
6274
6607
4258
3990
313
4119
5993
1582
3035
2467
6061
6744
8935
2237
5448
2235
8400
5868
6338
6355
7389
2906
2724
7910
1607
7760
3577
3914
4401
6062
9031
2381
100
8228
2549
5051
7005
1306
4550
7387
6768
2715
5459
5695
9353
1953
8644
3704
5320
8885
6223
3457
9645
9695
3196
7847
3779
4097
7874
4649
5193
9898
9080
4393
6102
3514
3084
6913
5602
7520
5745
3930
1931
8836
7822
7489
4079
3648
3933
6631
4458
7647
8125
7098
6864
2676
1518
1456
6426
3404
6
9453
793
88
2470
971
4246
6040
2479
6401
8979
882
8947
1803
247
3190
3711
8679
4620
8611
6506
711
3044
2055
299
2304
2936
5052
2449
6283
6036
1873
9674
581
1223
497
7281
6266
4027
7033
5629
1746
7040
4674
9305
510
7969
798
6966
2223
4516
8285
2333
9546
7839
9667
9282
5509
8784
5181
6529
8783
3629
8350
9861
6693
8540
5149
2374
8331
4471
5379
5712
2586
6725
7331
7751
8456
5882
9333
4712
7483
9337
4271
8165
645
5135
5696
9891
4556
2360
6578
82
4315
4755
4338
6829
2857
6827
8221
7391
9130
4138
7621
4186
9963
2001
2447
998
2954
9303
9125
7352
231
6683
8325
1536
5424
758
3012
5228
8690
8648
7912
5209
7147
9495
3995
124
546
2203
4048
2756
4531
1117
7955
792
6329
3867
8770
1539
225
8079
3163
8571
2644
6187
2360
759
9202
61
2141
6671
8564
9664
3012
9796
451
2463
4137
2572
7640
2814
7121
9674
4306
3029
8237
3551
5539
356
204
7651
5394
6589
7090
5336
3303
9514
8446
4931
1207
7932
1266
3884
6238
4454
860
7509
6305
2804
4236
279
8424
8842
2087
131
2137
7026
7977
8765
2856
6529
5812
3388
2492
3741
9204
7895
7198
358
8807
3927
4573
8788
6225
4808
5177
9096
5595
7794
5695
4192
6418
2634
3591
2496
3750
6894
5610
9791
4342
1018
4948
4480
9811
8590
4459
2979
463
9776
5724
4445
5824
8407
6339
6578
513
5669
253
6699
6513
5879
8511
4834
5468
2307
239
8019
7070
3512
6219
7539
2154
3175
9891
3334
1575
8874
3138
2273
4477
7790
6683
9534
2037
9808
7452
4783
5281
972
7745
7404
8067
2775
3553
7469
8826
5248
1873
1683
7162
4315
9362
6015
3893
6383
7165
9245
5633
5641
9280
4129
7516
2029
4282
5412
139
352
2764
6413
9337
3503
5336
8382
9863
5271
8523
9366
6588
690
8404
1793
9299
4413
4345
498
9694
69
7658
5403
1672
6073
2543
5579
8503
5866
9135
3900
2981
3040
1033
4012
9144
4332
2118
3837
6668
5941
32
2325
1508
1146
6148
8685
8909
9699
4379
5795
7349
1941
3665
2025
4534
3131
1489
8192
9020
5953
8264
8850
3568
1655
4925
9654
8823
2807
8586
5001
8400
3136
3595
2678
8994
2412
7829
4726
1577
6847
6583
6245
2307
7989
8883
6361
4219
5560
3588
8064
3303
2228
5093
6144
5064
762
1009
4943
148
6559
6645
141
138
993
3637
1288
7111
3562
2578
4313
3044
3311
1980
5720
7671
2485
8421
2692
5880
7885
5216
5823
8246
7905
9457
3695
788
5706
9764
1017
2553
1500
9603
4554
2114
9426
3484
3550
6581
6954
5929
3877
9206
7328
5501
7622
4201
7982
8791
2331
9831
413
1655
6631
3399
9484
7593
1449
4216
2613
5574
8543
3126
1823
2175
567
9718
4132
5374
9388
781
8227
9824
1878
6119
7915
5983
4884
316
5312
7910
3620
1537
9231
7093
177
968
6743
2148
1382
8978
8391
6727
7719
6612
3
485
7539
3496
6591
446
3261
5745
6299
2613
8808
9990
4870
6169
9970
2087
3592
5104
1935
1623
6207
4624
685
5813
2742
2172
7502
8863
730
5420
8277
5413
6794
2059
1860
9148
4060
8749
4155
164
3373
9050
7189
7187
8774
2707
4877
3243
217
1105
9681
5869
8993
6249
6907
5455
3824
3124
5847
7814
8101
7755
9478
9585
1234
5833
6953
7534
9582
9236
5590
5384
4930
295
1578
4231
987
6154
1132
5171
864
8049
6296
5212
1019
2875
2130
66
9610
6867
4488
9933
9754
3741
114
6842
641
2146
3270
4668
1978
9767
5616
5407
9734
3917
8559
7801
3651
971
9793
6913
9493
9481
8249
5743
1498
4316
4169
2479
3005
1672
3525
9475
5723
7292
8509
2554
615
2746
8296
1721
5852
7110
6816
6893
9829
3888
6749
4732
9691
5525
1449
5165
8343
350
9039
8711
5424
9291
5371
8180
194
2216
5092
855
6823
6231
2519
9747
5035
786
6545
5019
1587
6936
6303
9157
541
587
6796
2014
2811
2091
6222
4283
7936
7012
9196
522
3572
5425
2615
5312
644
9581
3353
8639
4647
2283
9530
9104
6064
824
9564
6045
5350
3824
5720
4170
478
801
1381
6795
7497
6850
3763
6276
7075
7231
6284
2736
2499
9251
7311
4675
7102
1255
4501
7555
1574
1082
6460
8964
4145
8828
5932
1440
9087
1259
1243
6560
1528
7723
5212
6378
9017
9887
3256
812
2842
174
4896
2072
4542
6207
5401
9725
5598
1135
6764
2483
761
2169
9757
5320
8002
2167
1257
2998
528
1634
3579
3611
8860
949
5034
8223
3419
5197
3416
5214
603
6417
6657
403
7820
637
7356
6574
5442
9522
